09-29-2023,10:51:04
Wavenumber(cm-1),Intensity
 250 , 9567.11 
 251 , 9567.11 
 252 , 9561.78 
 253 , 9554.37 
 254 , 9547.7 
 255 , 9544.47 
 256 , 9543.4 
 257 , 9541.2 
 258 , 9536.25 
 259 , 9527.68 
 260 , 9514.81 
 261 , 9500.02 
 262 , 9487.6 
 263 , 9478.39 
 264 , 9468.37 
 265 , 9454.48 
 266 , 9438.73 
 267 , 9424.86 
 268 , 9413.05 
 269 , 9400.86 
 270 , 9388.86 
 271 , 9380.15 
 272 , 9376.01 
 273 , 9373.38 
 274 , 9369.46 
 275 , 9364.38 
 276 , 9359.4 
 277 , 9354.44 
 278 , 9349.12 
 279 , 9346.69 
 280 , 9350.51 
 281 , 9358.57 
 282 , 9366.31 
 283 , 9372.45 
 284 , 9380.2 
 285 , 9391.97 
 286 , 9405.21 
 287 , 9414.25 
 288 , 9415.06 
 289 , 9409.66 
 290 , 9403.42 
 291 , 9398.28 
 292 , 9391.57 
 293 , 9380.23 
 294 , 9366.24 
 295 , 9357.01 
 296 , 9357.43 
 297 , 9365 
 298 , 9373.54 
 299 , 9380.9 
 300 , 9391.25 
 301 , 9406.33 
 302 , 9422.03 
 303 , 9433.42 
 304 , 9440 
 305 , 9444.94 
 306 , 9450.67 
 307 , 9456.2 
 308 , 9459.02 
 309 , 9457.82 
 310 , 9454.06 
 311 , 9452.91 
 312 , 9459.55 
 313 , 9474.83 
 314 , 9496.48 
 315 , 9522.51 
 316 , 9549.76 
 317 , 9572.95 
 318 , 9588.73 
 319 , 9596.98 
 320 , 9598.59 
 321 , 9593.43 
 322 , 9580.17 
 323 , 9563.73 
 324 , 9555.84 
 325 , 9563.48 
 326 , 9578.6 
 327 , 9589.15 
 328 , 9592.83 
 329 , 9595.64 
 330 , 9600.04 
 331 , 9599.61 
 332 , 9588.47 
 333 , 9576.48 
 334 , 9579.86 
 335 , 9602 
 336 , 9628.92 
 337 , 9648.57 
 338 , 9664.78 
 339 , 9685.27 
 340 , 9706.43 
 341 , 9714.64 
 342 , 9702.83 
 343 , 9684.47 
 344 , 9674.7 
 345 , 9674.34 
 346 , 9675.89 
 347 , 9676.1 
 348 , 9678.99 
 349 , 9687.02 
 350 , 9695.66 
 351 , 9700.54 
 352 , 9702.28 
 353 , 9704.29 
 354 , 9706.86 
 355 , 9706.49 
 356 , 9702.15 
 357 , 9696.61 
 358 , 9692.35 
 359 , 9689.43 
 360 , 9688.1 
 361 , 9692.43 
 362 , 9704.46 
 363 , 9719.02 
 364 , 9730.13 
 365 , 9738.08 
 366 , 9746.99 
 367 , 9757.21 
 368 , 9762.39 
 369 , 9758.62 
 370 , 9753.83 
 371 , 9758.19 
 372 , 9771.69 
 373 , 9787.11 
 374 , 9799.9 
 375 , 9812.03 
 376 , 9825.84 
 377 , 9838.79 
 378 , 9845.84 
 379 , 9845.26 
 380 , 9840.32 
 381 , 9834.58 
 382 , 9830.5 
 383 , 9830.1 
 384 , 9835.79 
 385 , 9850.53 
 386 , 9875.37 
 387 , 9905.2 
 388 , 9934.03 
 389 , 9959.17 
 390 , 9980.06 
 391 , 9995.58 
 392 , 10003.46 
 393 , 10002.17 
 394 , 9996.36 
 395 , 9993.23 
 396 , 9994.79 
 397 , 9996.09 
 398 , 9993.7 
 399 , 9991.61 
 400 , 9995.11 
 401 , 10003.33 
 402 , 10010.79 
 403 , 10014.9 
 404 , 10019.5 
 405 , 10028.19 
 406 , 10037.22 
 407 , 10039.52 
 408 , 10033.93 
 409 , 10027.84 
 410 , 10026.79 
 411 , 10024.95 
 412 , 10013.61 
 413 , 9995.4 
 414 , 9983.62 
 415 , 9984.87 
 416 , 9985.75 
 417 , 9971.39 
 418 , 9948.55 
 419 , 9936.3 
 420 , 9940.33 
 421 , 9944.88 
 422 , 9936.08 
 423 , 9919.04 
 424 , 9905.14 
 425 , 9897.3 
 426 , 9890.24 
 427 , 9880.35 
 428 , 9869.93 
 429 , 9862.66 
 430 , 9860.74 
 431 , 9864.4 
 432 , 9871.8 
 433 , 9880.92 
 434 , 9891.41 
 435 , 9903.78 
 436 , 9916.99 
 437 , 9928.05 
 438 , 9935.51 
 439 , 9940.27 
 440 , 9944.91 
 441 , 9951.34 
 442 , 9959.85 
 443 , 9970.26 
 444 , 9982.42 
 445 , 9997.67 
 446 , 10018.16 
 447 , 10041.51 
 448 , 10060.89 
 449 , 10069.48 
 450 , 10066.7 
 451 , 10057.41 
 452 , 10048.49 
 453 , 10043.22 
 454 , 10041.41 
 455 , 10046.45 
 456 , 10063.81 
 457 , 10087.22 
 458 , 10104.77 
 459 , 10111.08 
 460 , 10108.61 
 461 , 10100.81 
 462 , 10085.31 
 463 , 10058.88 
 464 , 10030.34 
 465 , 10013.52 
 466 , 10012.53 
 467 , 10020.37 
 468 , 10030.28 
 469 , 10040.55 
 470 , 10050.43 
 471 , 10059.21 
 472 , 10066.68 
 473 , 10073.44 
 474 , 10080.22 
 475 , 10087.01 
 476 , 10094.95 
 477 , 10106.39 
 478 , 10121.43 
 479 , 10137.37 
 480 , 10151.69 
 481 , 10163.64 
 482 , 10172.48 
 483 , 10177.9 
 484 , 10180.67 
 485 , 10183.22 
 486 , 10188.39 
 487 , 10196.76 
 488 , 10206.9 
 489 , 10218.29 
 490 , 10230.66 
 491 , 10243.21 
 492 , 10254.55 
 493 , 10262.62 
 494 , 10264.28 
 495 , 10257.36 
 496 , 10242.45 
 497 , 10225.23 
 498 , 10213.21 
 499 , 10208.84 
 500 , 10208.35 
 501 , 10209.78 
 502 , 10216.03 
 503 , 10230.41 
 504 , 10247.8 
 505 , 10254.09 
 506 , 10241.21 
 507 , 10221.17 
 508 , 10208.78 
 509 , 10205.4 
 510 , 10203.73 
 511 , 10202.09 
 512 , 10208.29 
 513 , 10227.4 
 514 , 10249.62 
 515 , 10262.78 
 516 , 10266.14 
 517 , 10266.89 
 518 , 10267.98 
 519 , 10267.29 
 520 , 10264.74 
 521 , 10263.88 
 522 , 10267.54 
 523 , 10273.58 
 524 , 10276.3 
 525 , 10273.39 
 526 , 10268.63 
 527 , 10264.67 
 528 , 10260.71 
 529 , 10256.97 
 530 , 10257.32 
 531 , 10267.13 
 532 , 10287.4 
 533 , 10308.68 
 534 , 10320.3 
 535 , 10322.47 
 536 , 10323.11 
 537 , 10325.92 
 538 , 10326.68 
 539 , 10322.33 
 540 , 10318.63 
 541 , 10323.46 
 542 , 10337.76 
 543 , 10355.87 
 544 , 10372.98 
 545 , 10388.13 
 546 , 10401.76 
 547 , 10414.08 
 548 , 10424.4 
 549 , 10431.91 
 550 , 10437.08 
 551 , 10441.67 
 552 , 10446.93 
 553 , 10451.2 
 554 , 10451.57 
 555 , 10448.94 
 556 , 10446.04 
 557 , 10442.29 
 558 , 10434.44 
 559 , 10422.82 
 560 , 10412.27 
 561 , 10405.75 
 562 , 10401.95 
 563 , 10399.23 
 564 , 10398.2 
 565 , 10400.15 
 566 , 10404.98 
 567 , 10411.83 
 568 , 10421.01 
 569 , 10434.27 
 570 , 10449.35 
 571 , 10456.4 
 572 , 10448.07 
 573 , 10433.68 
 574 , 10427.07 
 575 , 10428.6 
 576 , 10426.53 
 577 , 10415.22 
 578 , 10405.56 
 579 , 10409.18 
 580 , 10416.94 
 581 , 10409.67 
 582 , 10384.1 
 583 , 10354.94 
 584 , 10334.65 
 585 , 10322.64 
 586 , 10313.27 
 587 , 10302.86 
 588 , 10293.55 
 589 , 10291.3 
 590 , 10299.21 
 591 , 10313.53 
 592 , 10324.5 
 593 , 10327.03 
 594 , 10329.04 
 595 , 10339.52 
 596 , 10356.87 
 597 , 10373.88 
 598 , 10388.62 
 599 , 10406.05 
 600 , 10428.34 
 601 , 10447.45 
 602 , 10454.48 
 603 , 10450.92 
 604 , 10444.76 
 605 , 10439.49 
 606 , 10430.2 
 607 , 10413.5 
 608 , 10399.38 
 609 , 10401.42 
 610 , 10417.59 
 611 , 10434.2 
 612 , 10445.46 
 613 , 10460.38 
 614 , 10487 
 615 , 10519.63 
 616 , 10548.34 
 617 , 10570.08 
 618 , 10586.92 
 619 , 10600.11 
 620 , 10610.1 
 621 , 10616.94 
 622 , 10618.16 
 623 , 10611.04 
 624 , 10597.99 
 625 , 10583.9 
 626 , 10571.38 
 627 , 10561.24 
 628 , 10555.05 
 629 , 10554.3 
 630 , 10559.1 
 631 , 10568.09 
 632 , 10581 
 633 , 10597.15 
 634 , 10613.57 
 635 , 10627.38 
 636 , 10638.47 
 637 , 10647.71 
 638 , 10655.56 
 639 , 10662.19 
 640 , 10667.25 
 641 , 10669.26 
 642 , 10667.24 
 643 , 10662.93 
 644 , 10659.3 
 645 , 10661.71 
 646 , 10675.37 
 647 , 10696.2 
 648 , 10712.79 
 649 , 10719.46 
 650 , 10720.84 
 651 , 10720.36 
 652 , 10712.42 
 653 , 10690.29 
 654 , 10659.55 
 655 , 10633.56 
 656 , 10617.4 
 657 , 10603.98 
 658 , 10587.93 
 659 , 10572.75 
 660 , 10562.99 
 661 , 10556.63 
 662 , 10548.2 
 663 , 10537.21 
 664 , 10529.63 
 665 , 10529.43 
 666 , 10533.46 
 667 , 10537.88 
 668 , 10544.17 
 669 , 10555.97 
 670 , 10572.17 
 671 , 10587.37 
 672 , 10598.46 
 673 , 10606.54 
 674 , 10612.85 
 675 , 10617.96 
 676 , 10622.73 
 677 , 10629.59 
 678 , 10641.38 
 679 , 10658.08 
 680 , 10676.19 
 681 , 10693.76 
 682 , 10714.31 
 683 , 10741.32 
 684 , 10769.63 
 685 , 10790.04 
 686 , 10800.97 
 687 , 10809.1 
 688 , 10818.48 
 689 , 10825.66 
 690 , 10826.94 
 691 , 10822.79 
 692 , 10815.09 
 693 , 10804.06 
 694 , 10788.77 
 695 , 10769.66 
 696 , 10749.51 
 697 , 10731.18 
 698 , 10717.27 
 699 , 10709.97 
 700 , 10708.12 
 701 , 10708.83 
 702 , 10710.05 
 703 , 10710.71 
 704 , 10711.75 
 705 , 10718.75 
 706 , 10736.1 
 707 , 10758.48 
 708 , 10777.71 
 709 , 10790.27 
 710 , 10795.91 
 711 , 10794 
 712 , 10783.25 
 713 , 10764.18 
 714 , 10743.6 
 715 , 10728.74 
 716 , 10720.88 
 717 , 10718.6 
 718 , 10720.94 
 719 , 10727.32 
 720 , 10737.89 
 721 , 10754.39 
 722 , 10776.6 
 723 , 10794.99 
 724 , 10798.85 
 725 , 10792.94 
 726 , 10790.73 
 727 , 10794.64 
 728 , 10793.79 
 729 , 10783.88 
 730 , 10778.33 
 731 , 10789 
 732 , 10805.96 
 733 , 10813.15 
 734 , 10810 
 735 , 10806.27 
 736 , 10807.19 
 737 , 10811.83 
 738 , 10818.62 
 739 , 10824.36 
 740 , 10826.12 
 741 , 10826.64 
 742 , 10831.12 
 743 , 10840.52 
 744 , 10851.9 
 745 , 10864.25 
 746 , 10880.11 
 747 , 10900.67 
 748 , 10920.7 
 749 , 10933.79 
 750 , 10937.54 
 751 , 10932 
 752 , 10919.91 
 753 , 10906.29 
 754 , 10894.51 
 755 , 10884.65 
 756 , 10876.53 
 757 , 10870.46 
 758 , 10866.69 
 759 , 10863.92 
 760 , 10860.27 
 761 , 10856.25 
 762 , 10854.68 
 763 , 10855.72 
 764 , 10854.29 
 765 , 10847.37 
 766 , 10841.22 
 767 , 10842.7 
 768 , 10847.1 
 769 , 10845.09 
 770 , 10838.97 
 771 , 10841.16 
 772 , 10854.93 
 773 , 10867.7 
 774 , 10870.72 
 775 , 10873.34 
 776 , 10886.52 
 777 , 10904.56 
 778 , 10914.81 
 779 , 10916.27 
 780 , 10918.37 
 781 , 10924.29 
 782 , 10925.36 
 783 , 10914.94 
 784 , 10900.72 
 785 , 10893.49 
 786 , 10893.38 
 787 , 10894.41 
 788 , 10895.94 
 789 , 10903.38 
 790 , 10919.57 
 791 , 10940.94 
 792 , 10963.67 
 793 , 10985.74 
 794 , 11005.38 
 795 , 11021.62 
 796 , 11034.69 
 797 , 11045.16 
 798 , 11052.39 
 799 , 11055.67 
 800 , 11056.24 
 801 , 11055.74 
 802 , 11055.57 
 803 , 11057.3 
 804 , 11062.67 
 805 , 11073.02 
 806 , 11086.53 
 807 , 11098.86 
 808 , 11107.23 
 809 , 11110.73 
 810 , 11108.43 
 811 , 11101.31 
 812 , 11091.18 
 813 , 11080.77 
 814 , 11073.37 
 815 , 11072.21 
 816 , 11079.31 
 817 , 11092.43 
 818 , 11104.72 
 819 , 11112.64 
 820 , 11122.01 
 821 , 11137.86 
 822 , 11150.57 
 823 , 11146.28 
 824 , 11126.01 
 825 , 11100.93 
 826 , 11077.38 
 827 , 11054.97 
 828 , 11034.96 
 829 , 11025.56 
 830 , 11032.56 
 831 , 11045.14 
 832 , 11049.52 
 833 , 11046.05 
 834 , 11041.46 
 835 , 11040.61 
 836 , 11048.43 
 837 , 11066.84 
 838 , 11088.71 
 839 , 11106.11 
 840 , 11118.32 
 841 , 11127.04 
 842 , 11128.46 
 843 , 11116.29 
 844 , 11098.51 
 845 , 11094.2 
 846 , 11108.93 
 847 , 11129.6 
 848 , 11146.32 
 849 , 11160.05 
 850 , 11172.23 
 851 , 11180.61 
 852 , 11182.81 
 853 , 11179.79 
 854 , 11173.46 
 855 , 11166.81 
 856 , 11165.02 
 857 , 11170.22 
 858 , 11177.66 
 859 , 11182.44 
 860 , 11184.62 
 861 , 11185.94 
 862 , 11185.75 
 863 , 11181.57 
 864 , 11174.25 
 865 , 11168.29 
 866 , 11167.08 
 867 , 11170.21 
 868 , 11174.58 
 869 , 11176.24 
 870 , 11173.42 
 871 , 11167.24 
 872 , 11159.2 
 873 , 11153.61 
 874 , 11155.63 
 875 , 11162.12 
 876 , 11163.8 
 877 , 11158.43 
 878 , 11153.33 
 879 , 11151.43 
 880 , 11145.41 
 881 , 11131.02 
 882 , 11119.42 
 883 , 11122.93 
 884 , 11135.95 
 885 , 11145.39 
 886 , 11149.73 
 887 , 11156.69 
 888 , 11167.22 
 889 , 11172.62 
 890 , 11169.68 
 891 , 11168.84 
 892 , 11178.26 
 893 , 11191.6 
 894 , 11200.94 
 895 , 11209.13 
 896 , 11222.26 
 897 , 11237.58 
 898 , 11247.22 
 899 , 11248.12 
 900 , 11241.63 
 901 , 11230.49 
 902 , 11222.95 
 903 , 11226.46 
 904 , 11237.27 
 905 , 11248.07 
 906 , 11254.01 
 907 , 11253.02 
 908 , 11249.72 
 909 , 11251.65 
 910 , 11258.19 
 911 , 11261.97 
 912 , 11262.76 
 913 , 11270.67 
 914 , 11289.62 
 915 , 11304.67 
 916 , 11302.06 
 917 , 11290.28 
 918 , 11283.91 
 919 , 11285.1 
 920 , 11289.4 
 921 , 11296.15 
 922 , 11307.23 
 923 , 11322.5 
 924 , 11340.3 
 925 , 11359.46 
 926 , 11377.82 
 927 , 11392.11 
 928 , 11398.71 
 929 , 11395.77 
 930 , 11388.47 
 931 , 11383.96 
 932 , 11380.72 
 933 , 11372.13 
 934 , 11359.67 
 935 , 11353.4 
 936 , 11358.19 
 937 , 11368.12 
 938 , 11378.22 
 939 , 11391.93 
 940 , 11412.62 
 941 , 11430.28 
 942 , 11430.65 
 943 , 11413.65 
 944 , 11388.55 
 945 , 11360.37 
 946 , 11328.38 
 947 , 11295.17 
 948 , 11271.83 
 949 , 11266.18 
 950 , 11271.88 
 951 , 11280.74 
 952 , 11289.88 
 953 , 11298.83 
 954 , 11309.83 
 955 , 11325.47 
 956 , 11343.72 
 957 , 11360.05 
 958 , 11373.46 
 959 , 11385.86 
 960 , 11395.79 
 961 , 11395.46 
 962 , 11379.47 
 963 , 11353.81 
 964 , 11326.92 
 965 , 11304.6 
 966 , 11290.89 
 967 , 11287.47 
 968 , 11295.01 
 969 , 11310.96 
 970 , 11329.26 
 971 , 11345.35 
 972 , 11357.39 
 973 , 11363.36 
 974 , 11361.5 
 975 , 11352.21 
 976 , 11338.73 
 977 , 11323.69 
 978 , 11310.6 
 979 , 11304.14 
 980 , 11306.23 
 981 , 11316.05 
 982 , 11328.03 
 983 , 11333.86 
 984 , 11332.7 
 985 , 11332.33 
 986 , 11337.02 
 987 , 11343.28 
 988 , 11349.15 
 989 , 11359.89 
 990 , 11379.45 
 991 , 11399.22 
 992 , 11408.13 
 993 , 11404.79 
 994 , 11392.35 
 995 , 11379.54 
 996 , 11379.83 
 997 , 11397.27 
 998 , 11424.06 
 999 , 11454.63 
 1000 , 11488.44 
 1001 , 11520.58 
 1002 , 11535.32 
 1003 , 11522.42 
 1004 , 11497.27 
 1005 , 11478.13 
 1006 , 11465.86 
 1007 , 11456.4 
 1008 , 11453.22 
 1009 , 11462.11 
 1010 , 11475.84 
 1011 , 11478.11 
 1012 , 11467.31 
 1013 , 11458.72 
 1014 , 11459.06 
 1015 , 11459.34 
 1016 , 11454.28 
 1017 , 11450.29 
 1018 , 11452.37 
 1019 , 11453.69 
 1020 , 11446.61 
 1021 , 11436.83 
 1022 , 11434.59 
 1023 , 11439.83 
 1024 , 11446.05 
 1025 , 11452.07 
 1026 , 11462.08 
 1027 , 11477.17 
 1028 , 11494.21 
 1029 , 11510.91 
 1030 , 11524.78 
 1031 , 11531.27 
 1032 , 11525.17 
 1033 , 11505.43 
 1034 , 11481.05 
 1035 , 11460.39 
 1036 , 11444.23 
 1037 , 11433.56 
 1038 , 11431.92 
 1039 , 11440.08 
 1040 , 11451.82 
 1041 , 11458.44 
 1042 , 11458.73 
 1043 , 11458.12 
 1044 , 11459.57 
 1045 , 11464.11 
 1046 , 11472.06 
 1047 , 11477.42 
 1048 , 11473.83 
 1049 , 11463.69 
 1050 , 11451.43 
 1051 , 11435.16 
 1052 , 11411.32 
 1053 , 11387.05 
 1054 , 11375.13 
 1055 , 11377.21 
 1056 , 11386.17 
 1057 , 11402.13 
 1058 , 11432.96 
 1059 , 11476.19 
 1060 , 11513.88 
 1061 , 11534.63 
 1062 , 11542.83 
 1063 , 11541.73 
 1064 , 11526.61 
 1065 , 11495.66 
 1066 , 11464.02 
 1067 , 11448.36 
 1068 , 11446.89 
 1069 , 11451.51 
 1070 , 11461.82 
 1071 , 11480.35 
 1072 , 11500.86 
 1073 , 11511.29 
 1074 , 11509.76 
 1075 , 11505.38 
 1076 , 11502.48 
 1077 , 11498.16 
 1078 , 11492.59 
 1079 , 11492.67 
 1080 , 11501.74 
 1081 , 11510.5 
 1082 , 11510.04 
 1083 , 11503.86 
 1084 , 11497.77 
 1085 , 11489.9 
 1086 , 11476.46 
 1087 , 11463.46 
 1088 , 11460.96 
 1089 , 11466.05 
 1090 , 11466.75 
 1091 , 11464.08 
 1092 , 11472.4 
 1093 , 11491.56 
 1094 , 11500.19 
 1095 , 11489.64 
 1096 , 11479.51 
 1097 , 11482.46 
 1098 , 11482.37 
 1099 , 11465.37 
 1100 , 11445.4 
 1101 , 11438.98 
 1102 , 11439.69 
 1103 , 11435.31 
 1104 , 11428.68 
 1105 , 11429 
 1106 , 11439.06 
 1107 , 11457.63 
 1108 , 11480.74 
 1109 , 11501.39 
 1110 , 11515.61 
 1111 , 11523.89 
 1112 , 11524.58 
 1113 , 11512.34 
 1114 , 11488.55 
 1115 , 11468.86 
 1116 , 11463.63 
 1117 , 11464.27 
 1118 , 11462.99 
 1119 , 11466.3 
 1120 , 11480.27 
 1121 , 11492.27 
 1122 , 11486.95 
 1123 , 11474.15 
 1124 , 11473.07 
 1125 , 11480.4 
 1126 , 11479.68 
 1127 , 11471.22 
 1128 , 11468.84 
 1129 , 11473.51 
 1130 , 11471.74 
 1131 , 11459.43 
 1132 , 11447.1 
 1133 , 11443.07 
 1134 , 11448.91 
 1135 , 11464.26 
 1136 , 11486.62 
 1137 , 11513.5 
 1138 , 11542.77 
 1139 , 11571.6 
 1140 , 11594.08 
 1141 , 11604.72 
 1142 , 11606.35 
 1143 , 11604.43 
 1144 , 11600.31 
 1145 , 11593.19 
 1146 , 11582.78 
 1147 , 11569.58 
 1148 , 11556.12 
 1149 , 11545.69 
 1150 , 11540.09 
 1151 , 11540.54 
 1152 , 11547.62 
 1153 , 11560.02 
 1154 , 11576.63 
 1155 , 11597.67 
 1156 , 11620.81 
 1157 , 11636.94 
 1158 , 11640.18 
 1159 , 11637.5 
 1160 , 11636.62 
 1161 , 11638.87 
 1162 , 11644.41 
 1163 , 11655.84 
 1164 , 11675.93 
 1165 , 11702.88 
 1166 , 11732.49 
 1167 , 11757 
 1168 , 11768.02 
 1169 , 11769.08 
 1170 , 11770.66 
 1171 , 11774.18 
 1172 , 11773.84 
 1173 , 11763.98 
 1174 , 11739.38 
 1175 , 11705.99 
 1176 , 11684.14 
 1177 , 11680.33 
 1178 , 11677.17 
 1179 , 11666.62 
 1180 , 11663.93 
 1181 , 11676.44 
 1182 , 11684.06 
 1183 , 11672.49 
 1184 , 11660.49 
 1185 , 11666.36 
 1186 , 11678.83 
 1187 , 11681.86 
 1188 , 11674.94 
 1189 , 11662.95 
 1190 , 11652.96 
 1191 , 11651.85 
 1192 , 11657.43 
 1193 , 11663.62 
 1194 , 11671.79 
 1195 , 11687.37 
 1196 , 11704.91 
 1197 , 11710.82 
 1198 , 11701.08 
 1199 , 11680.93 
 1200 , 11656.1 
 1201 , 11632.3 
 1202 , 11611.29 
 1203 , 11589.43 
 1204 , 11567.37 
 1205 , 11553.49 
 1206 , 11550.8 
 1207 , 11549.67 
 1208 , 11542.05 
 1209 , 11527.4 
 1210 , 11507.68 
 1211 , 11489.82 
 1212 , 11480.18 
 1213 , 11477.72 
 1214 , 11479.75 
 1215 , 11486.15 
 1216 , 11498.05 
 1217 , 11517.08 
 1218 , 11543.65 
 1219 , 11569.74 
 1220 , 11585.08 
 1221 , 11592.42 
 1222 , 11600.59 
 1223 , 11606.01 
 1224 , 11597.88 
 1225 , 11582.91 
 1226 , 11580.74 
 1227 , 11591.89 
 1228 , 11598.99 
 1229 , 11598.14 
 1230 , 11600.99 
 1231 , 11608.7 
 1232 , 11607.97 
 1233 , 11596.03 
 1234 , 11587.36 
 1235 , 11588.38 
 1236 , 11589.02 
 1237 , 11583.44 
 1238 , 11577.45 
 1239 , 11575.09 
 1240 , 11573.83 
 1241 , 11572.43 
 1242 , 11574.57 
 1243 , 11582.46 
 1244 , 11592.55 
 1245 , 11601.14 
 1246 , 11605.43 
 1247 , 11603 
 1248 , 11597.48 
 1249 , 11593.96 
 1250 , 11587.65 
 1251 , 11571 
 1252 , 11550.94 
 1253 , 11539.82 
 1254 , 11531.82 
 1255 , 11512.38 
 1256 , 11485.49 
 1257 , 11466.26 
 1258 , 11456.73 
 1259 , 11449.72 
 1260 , 11444.09 
 1261 , 11443.44 
 1262 , 11449.05 
 1263 , 11460.64 
 1264 , 11478.83 
 1265 , 11503.73 
 1266 , 11528.35 
 1267 , 11539.33 
 1268 , 11536.25 
 1269 , 11534.6 
 1270 , 11537.63 
 1271 , 11529.77 
 1272 , 11510.17 
 1273 , 11505.24 
 1274 , 11527.13 
 1275 , 11554.48 
 1276 , 11572.94 
 1277 , 11593.69 
 1278 , 11622.33 
 1279 , 11640.16 
 1280 , 11634.15 
 1281 , 11620.72 
 1282 , 11616.11 
 1283 , 11617.81 
 1284 , 11621.25 
 1285 , 11627.76 
 1286 , 11637.9 
 1287 , 11644.75 
 1288 , 11641.26 
 1289 , 11624.82 
 1290 , 11595.68 
 1291 , 11570.54 
 1292 , 11569.95 
 1293 , 11593.83 
 1294 , 11633.24 
 1295 , 11678.84 
 1296 , 11721.56 
 1297 , 11754.11 
 1298 , 11770.34 
 1299 , 11763.13 
 1300 , 11726.07 
 1301 , 11675.36 
 1302 , 11640.41 
 1303 , 11626.06 
 1304 , 11619.94 
 1305 , 11623.67 
 1306 , 11649.24 
 1307 , 11683.02 
 1308 , 11690.47 
 1309 , 11668.22 
 1310 , 11642.05 
 1311 , 11622.2 
 1312 , 11602.35 
 1313 , 11587.97 
 1314 , 11597.77 
 1315 , 11631.89 
 1316 , 11667.36 
 1317 , 11687.16 
 1318 , 11684.29 
 1319 , 11661.53 
 1320 , 11635.03 
 1321 , 11616.3 
 1322 , 11607.25 
 1323 , 11608.56 
 1324 , 11620.79 
 1325 , 11642.17 
 1326 , 11665.69 
 1327 , 11683.03 
 1328 , 11686.85 
 1329 , 11677.79 
 1330 , 11670.21 
 1331 , 11670.28 
 1332 , 11664.69 
 1333 , 11649.55 
 1334 , 11646.85 
 1335 , 11665.97 
 1336 , 11678.11 
 1337 , 11664.17 
 1338 , 11643.43 
 1339 , 11628.83 
 1340 , 11601.21 
 1341 , 11549.86 
 1342 , 11502.89 
 1343 , 11483.18 
 1344 , 11476.82 
 1345 , 11469.53 
 1346 , 11467.61 
 1347 , 11476.89 
 1348 , 11490.35 
 1349 , 11501.87 
 1350 , 11514.81 
 1351 , 11532.85 
 1352 , 11554.89 
 1353 , 11579 
 1354 , 11601.64 
 1355 , 11618.25 
 1356 , 11625.35 
 1357 , 11621.08 
 1358 , 11609.22 
 1359 , 11596.42 
 1360 , 11590.75 
 1361 , 11596.76 
 1362 , 11603.33 
 1363 , 11598.37 
 1364 , 11590.15 
 1365 , 11590.82 
 1366 , 11597.69 
 1367 , 11605.43 
 1368 , 11619.11 
 1369 , 11644.33 
 1370 , 11671.04 
 1371 , 11685.04 
 1372 , 11683.08 
 1373 , 11666.75 
 1374 , 11644.09 
 1375 , 11626.57 
 1376 , 11621.63 
 1377 , 11632.26 
 1378 , 11650.44 
 1379 , 11665 
 1380 , 11672.09 
 1381 , 11670.06 
 1382 , 11654.41 
 1383 , 11622.02 
 1384 , 11585.97 
 1385 , 11564.67 
 1386 , 11552.95 
 1387 , 11535.43 
 1388 , 11515.71 
 1389 , 11506.33 
 1390 , 11501.6 
 1391 , 11486.48 
 1392 , 11466.38 
 1393 , 11458.33 
 1394 , 11460.46 
 1395 , 11459.29 
 1396 , 11450.74 
 1397 , 11438.01 
 1398 , 11430.92 
 1399 , 11440.4 
 1400 , 11458.04 
 1401 , 11465.94 
 1402 , 11466.1 
 1403 , 11471.67 
 1404 , 11477.17 
 1405 , 11466.77 
 1406 , 11448.45 
 1407 , 11443.56 
 1408 , 11452.33 
 1409 , 11461.63 
 1410 , 11468.87 
 1411 , 11478.61 
 1412 , 11486.99 
 1413 , 11485.15 
 1414 , 11473.34 
 1415 , 11458.31 
 1416 , 11445.03 
 1417 , 11436.12 
 1418 , 11433.87 
 1419 , 11440.93 
 1420 , 11458.3 
 1421 , 11484.31 
 1422 , 11508.91 
 1423 , 11520.04 
 1424 , 11521.35 
 1425 , 11523.68 
 1426 , 11532.68 
 1427 , 11553.11 
 1428 , 11592.99 
 1429 , 11657.78 
 1430 , 11729.49 
 1431 , 11781.11 
 1432 , 11805.36 
 1433 , 11803.37 
 1434 , 11771.37 
 1435 , 11707.24 
 1436 , 11633.33 
 1437 , 11580.42 
 1438 , 11550.67 
 1439 , 11532.69 
 1440 , 11521.88 
 1441 , 11517.44 
 1442 , 11520.39 
 1443 , 11531.68 
 1444 , 11545.33 
 1445 , 11554.18 
 1446 , 11565.77 
 1447 , 11591.24 
 1448 , 11620.78 
 1449 , 11637.88 
 1450 , 11646.51 
 1451 , 11658.49 
 1452 , 11673.36 
 1453 , 11684.96 
 1454 , 11690.25 
 1455 , 11688.86 
 1456 , 11684.83 
 1457 , 11681.8 
 1458 , 11674.74 
 1459 , 11657.72 
 1460 , 11635.8 
 1461 , 11616.11 
 1462 , 11594.83 
 1463 , 11567.38 
 1464 , 11545.96 
 1465 , 11542.8 
 1466 , 11544.06 
 1467 , 11532.94 
 1468 , 11517.22 
 1469 , 11507.37 
 1470 , 11493.25 
 1471 , 11463.8 
 1472 , 11424.85 
 1473 , 11385.36 
 1474 , 11355.16 
 1475 , 11342.72 
 1476 , 11344.71 
 1477 , 11354.59 
 1478 , 11372.68 
 1479 , 11399.19 
 1480 , 11417.79 
 1481 , 11413.23 
 1482 , 11394.44 
 1483 , 11374.06 
 1484 , 11352.69 
 1485 , 11330.91 
 1486 , 11322.32 
 1487 , 11334.62 
 1488 , 11351.05 
 1489 , 11358.96 
 1490 , 11366.55 
 1491 , 11376.08 
 1492 , 11370.21 
 1493 , 11343.22 
 1494 , 11315.54 
 1495 , 11300.27 
 1496 , 11292.61 
 1497 , 11288.57 
 1498 , 11289.26 
 1499 , 11291.18 
 1500 , 11282.55 
 1501 , 11260.37 
 1502 , 11235.49 
 1503 , 11215.82 
 1504 , 11202.54 
 1505 , 11195.74 
 1506 , 11196.44 
 1507 , 11205.26 
 1508 , 11220.84 
 1509 , 11235.45 
 1510 , 11237.47 
 1511 , 11232.04 
 1512 , 11236.65 
 1513 , 11250.03 
 1514 , 11258.48 
 1515 , 11265.34 
 1516 , 11283.14 
 1517 , 11304.74 
 1518 , 11313.67 
 1519 , 11311.14 
 1520 , 11306.02 
 1521 , 11301.16 
 1522 , 11298.4 
 1523 , 11299.38 
 1524 , 11303.3 
 1525 , 11304.68 
 1526 , 11299.12 
 1527 , 11292.69 
 1528 , 11293.06 
 1529 , 11303.19 
 1530 , 11324.55 
 1531 , 11350.52 
 1532 , 11372.38 
 1533 , 11389.21 
 1534 , 11403.12 
 1535 , 11415.49 
 1536 , 11426.43 
 1537 , 11436.15 
 1538 , 11444.04 
 1539 , 11444.96 
 1540 , 11437.14 
 1541 , 11430.22 
 1542 , 11432.04 
 1543 , 11441.7 
 1544 , 11454.09 
 1545 , 11458.83 
 1546 , 11449.55 
 1547 , 11427.54 
 1548 , 11404.3 
 1549 , 11406.64 
 1550 , 11439.79 
 1551 , 11475.55 
 1552 , 11497.95 
 1553 , 11510.91 
 1554 , 11515.48 
 1555 , 11507.05 
 1556 , 11487.35 
 1557 , 11465.56 
 1558 , 11451.71 
 1559 , 11454.69 
 1560 , 11464.63 
 1561 , 11460.03 
 1562 , 11451.8 
 1563 , 11468.88 
 1564 , 11501.79 
 1565 , 11522.06 
 1566 , 11532.25 
 1567 , 11547.48 
 1568 , 11557.95 
 1569 , 11546.92 
 1570 , 11522.43 
 1571 , 11498.81 
 1572 , 11475.65 
 1573 , 11450.52 
 1574 , 11431.94 
 1575 , 11428.33 
 1576 , 11437.95 
 1577 , 11456.62 
 1578 , 11479.32 
 1579 , 11503.61 
 1580 , 11535.13 
 1581 , 11573.1 
 1582 , 11597.71 
 1583 , 11595.85 
 1584 , 11573.86 
 1585 , 11540.05 
 1586 , 11501.71 
 1587 , 11468.4 
 1588 , 11453.02 
 1589 , 11457.44 
 1590 , 11469.61 
 1591 , 11489.9 
 1592 , 11531.87 
 1593 , 11584.73 
 1594 , 11616.3 
 1595 , 11618.48 
 1596 , 11601.87 
 1597 , 11567.3 
 1598 , 11511.46 
 1599 , 11458.05 
 1600 , 11441.91 
 1601 , 11464.92 
 1602 , 11512.7 
 1603 , 11568.45 
 1604 , 11615.41 
 1605 , 11642.62 
 1606 , 11645.31 
 1607 , 11637.07 
 1608 , 11631.78 
 1609 , 11625.81 
 1610 , 11614.74 
 1611 , 11603.57 
 1612 , 11595.23 
 1613 , 11583.56 
 1614 , 11565.4 
 1615 , 11545.45 
 1616 , 11525.7 
 1617 , 11503.37 
 1618 , 11479.23 
 1619 , 11458.16 
 1620 , 11439.81 
 1621 , 11419.19 
 1622 , 11398.92 
 1623 , 11387.14 
 1624 , 11382.2 
 1625 , 11376.39 
 1626 , 11371.34 
 1627 , 11372.75 
 1628 , 11372.75 
 1629 , 11358.54 
 1630 , 11333.55 
 1631 , 11307.45 
 1632 , 11282.62 
 1633 , 11260.47 
 1634 , 11248.54 
 1635 , 11252.25 
 1636 , 11263.91 
 1637 , 11274.08 
 1638 , 11275.24 
 1639 , 11262.29 
 1640 , 11238.39 
 1641 , 11210.59 
 1642 , 11191.41 
 1643 , 11186.03 
 1644 , 11183.72 
 1645 , 11180.25 
 1646 , 11184.77 
 1647 , 11192.11 
 1648 , 11176.74 
 1649 , 11140.32 
 1650 , 11114.45 
 1651 , 11104.76 
 1652 , 11094.24 
 1653 , 11084.3 
 1654 , 11086.95 
 1655 , 11090.95 
 1656 , 11076.98 
 1657 , 11059.56 
 1658 , 11062.24 
 1659 , 11073.22 
 1660 , 11074.09 
 1661 , 11073.72 
 1662 , 11080.82 
 1663 , 11077.26 
 1664 , 11050.75 
 1665 , 11023.58 
 1666 , 11015.67 
 1667 , 11022.18 
 1668 , 11029.95 
 1669 , 11026.36 
 1670 , 11013.7 
 1671 , 11005.24 
 1672 , 10999.36 
 1673 , 10986.45 
 1674 , 10975.7 
 1675 , 10983.88 
 1676 , 11000.28 
 1677 , 11001.2 
 1678 , 10986.29 
 1679 , 10966.12 
 1680 , 10939.2 
 1681 , 10898.67 
 1682 , 10847.3 
 1683 , 10797.69 
 1684 , 10775.14 
 1685 , 10792.28 
 1686 , 10820.23 
 1687 , 10834.35 
 1688 , 10833.87 
 1689 , 10816.46 
 1690 , 10775.64 
 1691 , 10719.78 
 1692 , 10679.51 
 1693 , 10671.3 
 1694 , 10692.8 
 1695 , 10732.17 
 1696 , 10766.79 
 1697 , 10784.1 
 1698 , 10781.84 
 1699 , 10761.81 
 1700 , 10727.69 
 1701 , 10691.48 
 1702 , 10669.96 
 1703 , 10665.15 
 1704 , 10672.9 
 1705 , 10694.42 
 1706 , 10728.34 
 1707 , 10760.77 
 1708 , 10780.91 
 1709 , 10790.59 
 1710 , 10793.13 
 1711 , 10795.24 
 1712 , 10802.11 
 1713 , 10810.88 
 1714 , 10812.95 
 1715 , 10795.57 
 1716 , 10775.1 
 1717 , 10798.15 
 1718 , 10853.17 
 1719 , 10878.92 
 1720 , 10878.24 
 1721 , 10896.13 
 1722 , 10906.15 
 1723 , 10849.94 
 1724 , 10758.13 
 1725 , 10692.52 
 1726 , 10650.76 
 1727 , 10611.22 
 1728 , 10579.18 
 1729 , 10567.35 
 1730 , 10578.62 
 1731 , 10606.57 
 1732 , 10636.37 
 1733 , 10656.04 
 1734 , 10658.3 
 1735 , 10642.86 
 1736 , 10615.6 
 1737 , 10583.61 
 1738 , 10555.34 
 1739 , 10538.72 
 1740 , 10539.5 
 1741 , 10546.18 
 1742 , 10542.62 
 1743 , 10530.47 
 1744 , 10511.4 
 1745 , 10477.09 
 1746 , 10434.3 
 1747 , 10423.35 
 1748 , 10459.25 
 1749 , 10499.73 
 1750 , 10521.17 
 1751 , 10533.32 
 1752 , 10531.61 
 1753 , 10498.13 
 1754 , 10441.02 
 1755 , 10392.03 
 1756 , 10362.91 
 1757 , 10349.39 
 1758 , 10344.67 
 1759 , 10339.06 
 1760 , 10337.21 
 1761 , 10351.99 
 1762 , 10374.86 
 1763 , 10388.48 
 1764 , 10387.14 
 1765 , 10374.27 
 1766 , 10367.32 
 1767 , 10376.44 
 1768 , 10389.02 
 1769 , 10397.82 
 1770 , 10415.6 
 1771 , 10439.55 
 1772 , 10435.02 
 1773 , 10404.82 
 1774 , 10396.08 
 1775 , 10411.92 
 1776 , 10420.93 
 1777 , 10423.24 
 1778 , 10435.19 
 1779 , 10445.81 
 1780 , 10436.17 
 1781 , 10414.22 
 1782 , 10393.76 
 1783 , 10377.25 
 1784 , 10365.51 
 1785 , 10363.06 
 1786 , 10376.56 
 1787 , 10412.06 
 1788 , 10457.92 
 1789 , 10485.78 
 1790 , 10491.01 
 1791 , 10486.3 
 1792 , 10471.62 
 1793 , 10443.58 
 1794 , 10415.18 
 1795 , 10402.11 
 1796 , 10402.42 
 1797 , 10409.28 
 1798 , 10415.09 
 1799 , 10415.38 
 1800 , 10417.88 
 1801 , 10422.59 
 1802 , 10409.32 
 1803 , 10375.07 
 1804 , 10345.19 
 1805 , 10328.12 
 1806 , 10311.64 
 1807 , 10296.84 
 1808 , 10295.64 
 1809 , 10304.18 
 1810 , 10309.58 
 1811 , 10307.94 
 1812 , 10300.51 
 1813 , 10292.14 
 1814 , 10288.3 
 1815 , 10295.1 
 1816 , 10320.54 
 1817 , 10375.7 
 1818 , 10451.2 
 1819 , 10503.64 
 1820 , 10512.44 
 1821 , 10488.9 
 1822 , 10441.36 
 1823 , 10374.88 
 1824 , 10312.63 
 1825 , 10285.69 
 1826 , 10287.1 
 1827 , 10292.46 
 1828 , 10286.13 
 1829 , 10262.26 
 1830 , 10233.07 
 1831 , 10210.52 
 1832 , 10202.26 
 1833 , 10209.11 
 1834 , 10216.75 
 1835 , 10219.19 
 1836 , 10223.27 
 1837 , 10227.72 
 1838 , 10225.51 
 1839 , 10225.22 
 1840 , 10239.15 
 1841 , 10248.78 
 1842 , 10233.1 
 1843 , 10211.4 
 1844 , 10203.78 
 1845 , 10201.29 
 1846 , 10199.91 
 1847 , 10212.96 
 1848 , 10236.41 
 1849 , 10242.39 
 1850 , 10230 
 1851 , 10225.07 
 1852 , 10228.25 
 1853 , 10224.1 
 1854 , 10223.57 
 1855 , 10244.33 
 1856 , 10258.62 
 1857 , 10233.45 
 1858 , 10198.9 
 1859 , 10189.27 
 1860 , 10184.93 
 1861 , 10172.57 
 1862 , 10183.37 
 1863 , 10228.35 
 1864 , 10271.69 
 1865 , 10291.56 
 1866 , 10294.64 
 1867 , 10283.42 
 1868 , 10251.47 
 1869 , 10210.46 
 1870 , 10181.81 
 1871 , 10166.28 
 1872 , 10155.4 
 1873 , 10148.54 
 1874 , 10142.46 
 1875 , 10119.05 
 1876 , 10076.58 
 1877 , 10044.02 
 1878 , 10036.94 
 1879 , 10048.95 
 1880 , 10073.62 
 1881 , 10107.76 
 1882 , 10134.86 
 1883 , 10128.97 
 1884 , 10096.91 
 1885 , 10063.96 
 1886 , 10031.88 
 1887 , 9997.17 
 1888 , 9987.96 
 1889 , 10018.35 
 1890 , 10047.12 
 1891 , 10052.09 
 1892 , 10056.83 
 1893 , 10063.36 
 1894 , 10045.32 
 1895 , 10006.53 
 1896 , 9971.84 
 1897 , 9948.69 
 1898 , 9936 
 1899 , 9931.8 
 1900 , 9934.04 
 1901 , 9942.33 
 1902 , 9954.52 
 1903 , 9958.65 
 1904 , 9948.84 
 1905 , 9934.83 
 1906 , 9920.78 
 1907 , 9901.95 
 1908 , 9875.34 
 1909 , 9840.9 
 1910 , 9807.3 
 1911 , 9787.75 
 1912 , 9790.78 
 1913 , 9818.54 
 1914 , 9860.56 
 1915 , 9903.48 
 1916 , 9930.9 
 1917 , 9931.78 
 1918 , 9906.34 
 1919 , 9869.11 
 1920 , 9846.84 
 1921 , 9843.52 
 1922 , 9846.96 
 1923 , 9851 
 1924 , 9853.3 
 1925 , 9855.07 
 1926 , 9857.73 
 1927 , 9859.31 
 1928 , 9862.56 
 1929 , 9882.19 
 1930 , 9916.68 
 1931 , 9937.69 
 1932 , 9935.6 
 1933 , 9922.52 
 1934 , 9902.19 
 1935 , 9870.79 
 1936 , 9827.57 
 1937 , 9776.62 
 1938 , 9728.23 
 1939 , 9689.96 
 1940 , 9660.92 
 1941 , 9643.39 
 1942 , 9648.52 
 1943 , 9677.65 
 1944 , 9716.05 
 1945 , 9746.96 
 1946 , 9756.68 
 1947 , 9745.85 
 1948 , 9723.38 
 1949 , 9709.48 
 1950 , 9721.59 
 1951 , 9750.3 
 1952 , 9789.52 
 1953 , 9848.35 
 1954 , 9908.11 
 1955 , 9913.81 
 1956 , 9867.91 
 1957 , 9823.5 
 1958 , 9776.11 
 1959 , 9695.28 
 1960 , 9622.15 
 1961 , 9613.23 
 1962 , 9643.9 
 1963 , 9678 
 1964 , 9722.04 
 1965 , 9780.7 
 1966 , 9829.89 
 1967 , 9849.81 
 1968 , 9843.12 
 1969 , 9817.5 
 1970 , 9774.86 
 1971 , 9720.74 
 1972 , 9669.88 
 1973 , 9634.83 
 1974 , 9623.11 
 1975 , 9635.55 
 1976 , 9664.37 
 1977 , 9691.24 
 1978 , 9705.45 
 1979 , 9703.1 
 1980 , 9688.89 
 1981 , 9680.98 
 1982 , 9684.81 
 1983 , 9693.3 
 1984 , 9707.65 
 1985 , 9730.04 
 1986 , 9742.19 
 1987 , 9728.15 
 1988 , 9695.17 
 1989 , 9655.01 
 1990 , 9619.21 
 1991 , 9592.81 
 1992 , 9574.92 
 1993 , 9568.33 
 1994 , 9575.39 
 1995 , 9584.95 
 1996 , 9585.25 
 1997 , 9586.5 
 1998 , 9598.99 
 1999 , 9616.29 
 2000 , 9628.02 
 2001 , 9619.03 
 2002 , 9601.99 
 2003 , 9630.53 
 2004 , 9701.25 
 2005 , 9756.66 
 2006 , 9787.15 
 2007 , 9809.83 
 2008 , 9812.09 
 2009 , 9778.13 
 2010 , 9727.37 
 2011 , 9686.89 
 2012 , 9678.56 
 2013 , 9694.2 
 2014 , 9683.05 
 2015 , 9638.95 
 2016 , 9600.74 
 2017 , 9576.91 
 2018 , 9559.52 
 2019 , 9558.98 
 2020 , 9585.27 
 2021 , 9622.36 
 2022 , 9653.32 
 2023 , 9672.78 
 2024 , 9678.63 
 2025 , 9670.85 
 2026 , 9656.99 
 2027 , 9649.86 
 2028 , 9634.37 
 2029 , 9586.66 
 2030 , 9528.1 
 2031 , 9485.46 
 2032 , 9453.37 
 2033 , 9437.43 
 2034 , 9468.17 
 2035 , 9542.17 
 2036 , 9613.83 
 2037 , 9669.36 
 2038 , 9718.7 
 2039 , 9732.83 
 2040 , 9670.24 
 2041 , 9558.69 
 2042 , 9447.1 
 2043 , 9357.99 
 2044 , 9309.63 
 2045 , 9318.81 
 2046 , 9378.21 
 2047 , 9448 
 2048 , 9497.04 
 2049 , 9505.23 
 2050 , 9485.67 
 2051 , 9471.13 
 2052 , 9468.73 
 2053 , 9471.52 
 2054 , 9464.6 
 2055 , 9441.22 
 2056 , 9413.54 
 2057 , 9390.52 
 2058 , 9375.5 
 2059 , 9374.32 
 2060 , 9392.13 
 2061 , 9413.89 
 2062 , 9415.56 
 2063 , 9385.17 
 2064 , 9324.43 
 2065 , 9271.51 
 2066 , 9255.43 
 2067 , 9266.74 
 2068 , 9301.13 
 2069 , 9366.21 
 2070 , 9443.18 
 2071 , 9493.31 
 2072 , 9503.61 
 2073 , 9477.87 
 2074 , 9431.39 
 2075 , 9381.94 
 2076 , 9350.53 
 2077 , 9344.7 
 2078 , 9337.79 
 2079 , 9321.62 
 2080 , 9319.11 
 2081 , 9322.61 
 2082 , 9304.56 
 2083 , 9291.98 
 2084 , 9318.72 
 2085 , 9344.26 
 2086 , 9331.18 
 2087 , 9289.89 
 2088 , 9233.88 
 2089 , 9182.23 
 2090 , 9151.85 
 2091 , 9147.81 
 2092 , 9169.19 
 2093 , 9212.96 
 2094 , 9261.52 
 2095 , 9296.06 
 2096 , 9314.43 
 2097 , 9317.42 
 2098 , 9309.88 
 2099 , 9292.76 
 2100 , 9256.98 
 2101 , 9214.67 
 2102 , 9196.13 
 2103 , 9192.2 
 2104 , 9176.96 
 2105 , 9165.83 
 2106 , 9175.75 
 2107 , 9183.57 
 2108 , 9174.94 
 2109 , 9169.83 
 2110 , 9172.16 
 2111 , 9156.4 
 2112 , 9115.95 
 2113 , 9066.73 
 2114 , 9033.28 
 2115 , 9028.91 
 2116 , 9026.12 
 2117 , 9009.95 
 2118 , 9011.44 
 2119 , 9033.72 
 2120 , 9033.5 
 2121 , 9022.45 
 2122 , 9057.48 
 2123 , 9113.19 
 2124 , 9129.43 
 2125 , 9115.98 
 2126 , 9099.29 
 2127 , 9081.27 
 2128 , 9056.82 
 2129 , 9021.59 
 2130 , 8989.42 
 2131 , 8984.85 
 2132 , 8990.76 
 2133 , 8979.3 
 2134 , 8980.15 
 2135 , 9020.34 
 2136 , 9062.29 
 2137 , 9082.53 
 2138 , 9110.9 
 2139 , 9157.01 
 2140 , 9197.15 
 2141 , 9230.45 
 2142 , 9273.8 
 2143 , 9319.76 
 2144 , 9352.87 
 2145 , 9376.84 
 2146 , 9389.92 
 2147 , 9371.36 
 2148 , 9317.34 
 2149 , 9241.42 
 2150 , 9156.38 
 2151 , 9085.31 
 2152 , 9052.27 
 2153 , 9066.85 
 2154 , 9103.3 
 2155 , 9131.62 
 2156 , 9121.15 
 2157 , 9066.59 
 2158 , 9027.14 
 2159 , 9026.19 
 2160 , 9029.18 
 2161 , 9031.31 
 2162 , 9049.61 
 2163 , 9057.86 
 2164 , 9025.75 
 2165 , 8989.1 
 2166 , 8977.59 
 2167 , 8966.57 
 2168 , 8955.07 
 2169 , 8984.05 
 2170 , 9038.29 
 2171 , 9061.41 
 2172 , 9078.57 
 2173 , 9130.31 
 2174 , 9146.03 
 2175 , 9080.13 
 2176 , 9030.09 
 2177 , 9035.52 
 2178 , 9018.22 
 2179 , 8969.63 
 2180 , 8944.64 
 2181 , 8926.84 
 2182 , 8870.8 
 2183 , 8818.7 
 2184 , 8822.64 
 2185 , 8846.66 
 2186 , 8857.4 
 2187 , 8880.06 
 2188 , 8920.65 
 2189 , 8943.57 
 2190 , 8944.78 
 2191 , 8948.3 
 2192 , 8958.77 
 2193 , 8967.64 
 2194 , 8966.18 
 2195 , 8955.12 
 2196 , 8951.9 
 2197 , 8953.34 
 2198 , 8929.15 
 2199 , 8881.02 
 2200 , 8833.48 
 2201 , 8790.88 
 2202 , 8755.28 
 2203 , 8757.45 
 2204 , 8807.41 
 2205 , 8853.28 
 2206 , 8875.71 
 2207 , 8905.29 
 2208 , 8922.75 
 2209 , 8881.61 
 2210 , 8840.68 
 2211 , 8874.67 
 2212 , 8924.79 
 2213 , 8938.07 
 2214 , 8953.88 
 2215 , 8983.37 
 2216 , 8986.57 
 2217 , 8968.09 
 2218 , 8963.58 
 2219 , 8971.53 
 2220 , 8975.79 
 2221 , 8958.13 
 2222 , 8911.14 
 2223 , 8860.82 
 2224 , 8819.84 
 2225 , 8781.31 
 2226 , 8752.47 
 2227 , 8737.39 
 2228 , 8710.59 
 2229 , 8657.6 
 2230 , 8613.69 
 2231 , 8599.14 
 2232 , 8594.24 
 2233 , 8600.23 
 2234 , 8640.24 
 2235 , 8692.94 
 2236 , 8710.55 
 2237 , 8703.49 
 2238 , 8701.78 
 2239 , 8695.46 
 2240 , 8674.41 
 2241 , 8657.68 
 2242 , 8649.22 
 2243 , 8625.2 
 2244 , 8588.24 
 2245 , 8562.81 
 2246 , 8537.42 
 2247 , 8495.3 
 2248 , 8489.75 
 2249 , 8554.24 
 2250 , 8610.43 
 2251 , 8621.58 
 2252 , 8641.7 
 2253 , 8678.85 
 2254 , 8696.65 
 2255 , 8687.42 
 2256 , 8660.44 
 2257 , 8629.25 
 2258 , 8603.16 
 2259 , 8569.8 
 2260 , 8528.94 
 2261 , 8509.77 
 2262 , 8512.87 
 2263 , 8509.67 
 2264 , 8488.66 
 2265 , 8449.75 
 2266 , 8422.9 
 2267 , 8431.25 
 2268 , 8430.07 
 2269 , 8399.88 
 2270 , 8397.18 
 2271 , 8429.31 
 2272 , 8443.84 
 2273 , 8440.42 
 2274 , 8450.6 
 2275 , 8487.8 
 2276 , 8544.15 
 2277 , 8576.13 
 2278 , 8577.79 
 2279 , 8601.25 
 2280 , 8626.06 
 2281 , 8582.73 
 2282 , 8504.51 
 2283 , 8459.18 
 2284 , 8466.98 
 2285 , 8514.39 
 2286 , 8532.72 
 2287 , 8496.19 
 2288 , 8445.51 
 2289 , 8363.92 
 2290 , 8207.63 
 2291 , 8050.99 
 2292 , 7988.56 
 2293 , 7999.67 
 2294 , 8042.79 
 2295 , 8090.26 
 2296 , 8122.59 
 2297 , 8130.06 
 2298 , 8113.41 
 2299 , 8085.36 
 2300 , 8086.82 
 2301 , 8143.05 
 2302 , 8183.91 
 2303 , 8170.89 
 2304 , 8168.13 
 2305 , 8187.62 
 2306 , 8172.08 
 2307 , 8149.21 
 2308 , 8189.66 
 2309 , 8243.27 
 2310 , 8242.79 
 2311 , 8224.04 
 2312 , 8215.82 
 2313 , 8194.42 
 2314 , 8173.08 
 2315 , 8205.71 
 2316 , 8267.32 
 2317 , 8290.01 
 2318 , 8276.09 
 2319 , 8246.17 
 2320 , 8177.15 
 2321 , 8065.98 
 2322 , 7977.82 
 2323 , 7937.72 
 2324 , 7913.79 
 2325 , 7893.3 
 2326 , 7882.42 
 2327 , 7861.84 
 2328 , 7823.31 
 2329 , 7819.75 
 2330 , 7863.2 
 2331 , 7899.08 
 2332 , 7927.18 
 2333 , 7981.11 
 2334 , 8012.22 
 2335 , 7960.97 
 2336 , 7874.11 
 2337 , 7801.27 
 2338 , 7735.31 
 2339 , 7681.58 
