10-03-2023,11:14:06
Wavenumber(cm-1),Intensity
 250 , 5308.87 
 251 , 5308.87 
 252 , 5250.37 
 253 , 5191.4 
 254 , 5137.09 
 255 , 5092.9 
 256 , 5058.31 
 257 , 5028.81 
 258 , 5000.67 
 259 , 4970.49 
 260 , 4935.25 
 261 , 4897.84 
 262 , 4865.3 
 263 , 4841.48 
 264 , 4823.6 
 265 , 4808.67 
 266 , 4796.92 
 267 , 4789.95 
 268 , 4786.76 
 269 , 4783 
 270 , 4775.59 
 271 , 4763.7 
 272 , 4746.2 
 273 , 4721.81 
 274 , 4694.35 
 275 , 4669.45 
 276 , 4648.75 
 277 , 4630.42 
 278 , 4612.95 
 279 , 4597.86 
 280 , 4586.82 
 281 , 4578.33 
 282 , 4569.38 
 283 , 4559.04 
 284 , 4549.67 
 285 , 4543.4 
 286 , 4540.28 
 287 , 4538.99 
 288 , 4537.08 
 289 , 4531.42 
 290 , 4520.76 
 291 , 4506.44 
 292 , 4489.55 
 293 , 4469.85 
 294 , 4447.78 
 295 , 4426.48 
 296 , 4409.95 
 297 , 4399.4 
 298 , 4392.66 
 299 , 4387.05 
 300 , 4383.14 
 301 , 4382.83 
 302 , 4386.09 
 303 , 4390.66 
 304 , 4394.15 
 305 , 4396.15 
 306 , 4397.84 
 307 , 4399.34 
 308 , 4399.32 
 309 , 4396.29 
 310 , 4390.59 
 311 , 4386.27 
 312 , 4387.74 
 313 , 4394.71 
 314 , 4403.1 
 315 , 4410.36 
 316 , 4418.02 
 317 , 4427.11 
 318 , 4434.96 
 319 , 4437 
 320 , 4432.16 
 321 , 4426.75 
 322 , 4426.75 
 323 , 4431.12 
 324 , 4436.07 
 325 , 4440.11 
 326 , 4443.88 
 327 , 4446.48 
 328 , 4445.41 
 329 , 4439.08 
 330 , 4428.45 
 331 , 4417.06 
 332 , 4407.58 
 333 , 4399.37 
 334 , 4390.94 
 335 , 4382.58 
 336 , 4376.44 
 337 , 4373.95 
 338 , 4373.27 
 339 , 4371.51 
 340 , 4365.26 
 341 , 4351.24 
 342 , 4328.93 
 343 , 4305.62 
 344 , 4288.95 
 345 , 4278.76 
 346 , 4270.03 
 347 , 4261.15 
 348 , 4257.85 
 349 , 4265.17 
 350 , 4277.72 
 351 , 4285.86 
 352 , 4286.25 
 353 , 4284.86 
 354 , 4286.63 
 355 , 4290.31 
 356 , 4293.72 
 357 , 4294.83 
 358 , 4289.28 
 359 , 4272.91 
 360 , 4249.47 
 361 , 4226.8 
 362 , 4209.34 
 363 , 4195.7 
 364 , 4183.97 
 365 , 4174.56 
 366 , 4169.4 
 367 , 4168.99 
 368 , 4171.14 
 369 , 4173.1 
 370 , 4172.99 
 371 , 4170.03 
 372 , 4166.87 
 373 , 4167.57 
 374 , 4172.73 
 375 , 4177.23 
 376 , 4176.63 
 377 , 4174.05 
 378 , 4175.38 
 379 , 4181.78 
 380 , 4188.53 
 381 , 4192.39 
 382 , 4197.87 
 383 , 4211.21 
 384 , 4231.27 
 385 , 4250.16 
 386 , 4262.31 
 387 , 4269.64 
 388 , 4275.15 
 389 , 4278.93 
 390 , 4279.25 
 391 , 4276.51 
 392 , 4275.5 
 393 , 4280.77 
 394 , 4291.39 
 395 , 4304.1 
 396 , 4316.37 
 397 , 4326.74 
 398 , 4334.4 
 399 , 4340.57 
 400 , 4346.81 
 401 , 4353.51 
 402 , 4360.48 
 403 , 4367.68 
 404 , 4374.7 
 405 , 4380.69 
 406 , 4383.84 
 407 , 4382.2 
 408 , 4376.16 
 409 , 4369.29 
 410 , 4364.42 
 411 , 4360.16 
 412 , 4354.12 
 413 , 4347.07 
 414 , 4342.41 
 415 , 4341.17 
 416 , 4338.09 
 417 , 4327.79 
 418 , 4312.78 
 419 , 4299.72 
 420 , 4290.76 
 421 , 4281.74 
 422 , 4269.37 
 423 , 4255.52 
 424 , 4243.25 
 425 , 4233.23 
 426 , 4224.39 
 427 , 4216.18 
 428 , 4209.05 
 429 , 4203.64 
 430 , 4200.47 
 431 , 4199.72 
 432 , 4200.39 
 433 , 4200.62 
 434 , 4199.38 
 435 , 4198.35 
 436 , 4199.82 
 437 , 4203.56 
 438 , 4207.13 
 439 , 4209.26 
 440 , 4211.56 
 441 , 4216.02 
 442 , 4221.8 
 443 , 4225.8 
 444 , 4226.5 
 445 , 4228.04 
 446 , 4235.41 
 447 , 4247.53 
 448 , 4258.95 
 449 , 4265.62 
 450 , 4268.56 
 451 , 4270.9 
 452 , 4274.17 
 453 , 4277.51 
 454 , 4278.01 
 455 , 4273.66 
 456 , 4265.46 
 457 , 4255.73 
 458 , 4245.07 
 459 , 4232.13 
 460 , 4216.17 
 461 , 4198.4 
 462 , 4180.25 
 463 , 4162.1 
 464 , 4144.6 
 465 , 4129.06 
 466 , 4115.98 
 467 , 4104.42 
 468 , 4093.25 
 469 , 4082.5 
 470 , 4072.39 
 471 , 4063.19 
 472 , 4055.35 
 473 , 4049.48 
 474 , 4046.02 
 475 , 4045.14 
 476 , 4047.72 
 477 , 4055.14 
 478 , 4066.84 
 479 , 4080.23 
 480 , 4093.08 
 481 , 4104.51 
 482 , 4113.7 
 483 , 4119.44 
 484 , 4120.81 
 485 , 4118.97 
 486 , 4117.01 
 487 , 4116.86 
 488 , 4118.24 
 489 , 4120.77 
 490 , 4122.85 
 491 , 4121.69 
 492 , 4114.68 
 493 , 4099.72 
 494 , 4075.56 
 495 , 4048.2 
 496 , 4026.77 
 497 , 4014.44 
 498 , 4007.24 
 499 , 4001.81 
 500 , 4000.15 
 501 , 4005.14 
 502 , 4011.64 
 503 , 4009.86 
 504 , 3997.19 
 505 , 3981.98 
 506 , 3971.72 
 507 , 3964.98 
 508 , 3957.86 
 509 , 3949.45 
 510 , 3941.26 
 511 , 3935.24 
 512 , 3933.54 
 513 , 3937.23 
 514 , 3943.55 
 515 , 3949.43 
 516 , 3954.65 
 517 , 3960.64 
 518 , 3966.95 
 519 , 3970.67 
 520 , 3969.77 
 521 , 3964.67 
 522 , 3956.05 
 523 , 3945 
 524 , 3934.12 
 525 , 3925.62 
 526 , 3917.58 
 527 , 3906.75 
 528 , 3894.18 
 529 , 3884.6 
 530 , 3880.15 
 531 , 3877.18 
 532 , 3871.92 
 533 , 3865.96 
 534 , 3862.52 
 535 , 3861.54 
 536 , 3860.21 
 537 , 3856.42 
 538 , 3850.04 
 539 , 3841.72 
 540 , 3834.31 
 541 , 3830.97 
 542 , 3830.85 
 543 , 3829.24 
 544 , 3825.52 
 545 , 3829.76 
 546 , 3851.28 
 547 , 3880.79 
 548 , 3901.14 
 549 , 3906.15 
 550 , 3902.29 
 551 , 3895.05 
 552 , 3883.58 
 553 , 3865.48 
 554 , 3843.8 
 555 , 3825.85 
 556 , 3815.72 
 557 , 3811.35 
 558 , 3808.94 
 559 , 3804.43 
 560 , 3795.58 
 561 , 3784.55 
 562 , 3774.84 
 563 , 3768.81 
 564 , 3768.12 
 565 , 3773.42 
 566 , 3780.39 
 567 , 3783.75 
 568 , 3783.3 
 569 , 3782.31 
 570 , 3782.84 
 571 , 3784.47 
 572 , 3786.59 
 573 , 3789.76 
 574 , 3795.07 
 575 , 3800.93 
 576 , 3802.91 
 577 , 3798.42 
 578 , 3790.2 
 579 , 3781.59 
 580 , 3770.15 
 581 , 3750.5 
 582 , 3725.05 
 583 , 3704.24 
 584 , 3693.97 
 585 , 3688.85 
 586 , 3682.5 
 587 , 3676.39 
 588 , 3675.76 
 589 , 3680.28 
 590 , 3683.45 
 591 , 3681.1 
 592 , 3675.95 
 593 , 3671.98 
 594 , 3671.42 
 595 , 3675.03 
 596 , 3680.79 
 597 , 3685.42 
 598 , 3687.22 
 599 , 3686.42 
 600 , 3683.03 
 601 , 3677.51 
 602 , 3670.96 
 603 , 3664.99 
 604 , 3661.26 
 605 , 3660.52 
 606 , 3661.91 
 607 , 3663.94 
 608 , 3663.89 
 609 , 3659.39 
 610 , 3652.43 
 611 , 3647.77 
 612 , 3648.12 
 613 , 3653.35 
 614 , 3663.13 
 615 , 3676.15 
 616 , 3690.4 
 617 , 3703.82 
 618 , 3714.57 
 619 , 3721.84 
 620 , 3726.52 
 621 , 3729.34 
 622 , 3729.39 
 623 , 3725.6 
 624 , 3719.46 
 625 , 3713.71 
 626 , 3708.17 
 627 , 3699.1 
 628 , 3684.89 
 629 , 3670.72 
 630 , 3662.03 
 631 , 3657.95 
 632 , 3655.1 
 633 , 3652.48 
 634 , 3651.38 
 635 , 3652.28 
 636 , 3653.77 
 637 , 3654.38 
 638 , 3653.42 
 639 , 3650.57 
 640 , 3647.46 
 641 , 3647.44 
 642 , 3652.66 
 643 , 3662.62 
 644 , 3676.34 
 645 , 3691.14 
 646 , 3703.69 
 647 , 3712.31 
 648 , 3716.88 
 649 , 3715.32 
 650 , 3701.31 
 651 , 3670.56 
 652 , 3630.95 
 653 , 3593.54 
 654 , 3562.59 
 655 , 3537.55 
 656 , 3518.64 
 657 , 3507.64 
 658 , 3505.43 
 659 , 3508.96 
 660 , 3514.41 
 661 , 3519.8 
 662 , 3524.1 
 663 , 3526.83 
 664 , 3528.22 
 665 , 3528.57 
 666 , 3527.91 
 667 , 3526.25 
 668 , 3524.34 
 669 , 3523.36 
 670 , 3524.68 
 671 , 3529.91 
 672 , 3539.1 
 673 , 3548.99 
 674 , 3556.27 
 675 , 3559.62 
 676 , 3558.54 
 677 , 3554.02 
 678 , 3547.88 
 679 , 3541 
 680 , 3533.08 
 681 , 3524.45 
 682 , 3517.69 
 683 , 3515.3 
 684 , 3515.59 
 685 , 3514.97 
 686 , 3513.26 
 687 , 3514.02 
 688 , 3518.7 
 689 , 3523.27 
 690 , 3523.77 
 691 , 3520.85 
 692 , 3516.53 
 693 , 3509.96 
 694 , 3498.13 
 695 , 3480.35 
 696 , 3459.76 
 697 , 3440.56 
 698 , 3429.52 
 699 , 3432.85 
 700 , 3446.65 
 701 , 3461.95 
 702 , 3474.32 
 703 , 3484.41 
 704 , 3490.99 
 705 , 3487.83 
 706 , 3470.42 
 707 , 3447.52 
 708 , 3431.68 
 709 , 3425.09 
 710 , 3422.4 
 711 , 3421.95 
 712 , 3428.02 
 713 , 3442.94 
 714 , 3460.69 
 715 , 3474.29 
 716 , 3482.91 
 717 , 3488.65 
 718 , 3492.68 
 719 , 3495.23 
 720 , 3496.56 
 721 , 3497.14 
 722 , 3497.46 
 723 , 3498.08 
 724 , 3499.45 
 725 , 3500.31 
 726 , 3498.19 
 727 , 3492.91 
 728 , 3487.56 
 729 , 3484.37 
 730 , 3482.12 
 731 , 3479.08 
 732 , 3475.64 
 733 , 3473.24 
 734 , 3472.21 
 735 , 3471.52 
 736 , 3470.08 
 737 , 3467.26 
 738 , 3462.85 
 739 , 3457.53 
 740 , 3452.15 
 741 , 3447.59 
 742 , 3444.83 
 743 , 3445.43 
 744 , 3451.47 
 745 , 3462.36 
 746 , 3472.29 
 747 , 3476.42 
 748 , 3476.2 
 749 , 3474.45 
 750 , 3471.82 
 751 , 3467.95 
 752 , 3463.62 
 753 , 3460.72 
 754 , 3459.94 
 755 , 3459.49 
 756 , 3457.69 
 757 , 3454.75 
 758 , 3451.33 
 759 , 3447.7 
 760 , 3443.96 
 761 , 3440.75 
 762 , 3439.19 
 763 , 3439.16 
 764 , 3438.06 
 765 , 3433.96 
 766 , 3428.6 
 767 , 3424.26 
 768 , 3420.59 
 769 , 3416.43 
 770 , 3413.03 
 771 , 3413.28 
 772 , 3417.59 
 773 , 3422.58 
 774 , 3425.53 
 775 , 3425.56 
 776 , 3421.72 
 777 , 3415.43 
 778 , 3410.79 
 779 , 3410.52 
 780 , 3414.2 
 781 , 3420.98 
 782 , 3430.94 
 783 , 3444 
 784 , 3456.89 
 785 , 3465.49 
 786 , 3469.29 
 787 , 3470.18 
 788 , 3469.97 
 789 , 3470.17 
 790 , 3472.14 
 791 , 3477.21 
 792 , 3485.95 
 793 , 3495.15 
 794 , 3500.63 
 795 , 3501.66 
 796 , 3499.7 
 797 , 3495.52 
 798 , 3488.49 
 799 , 3478.44 
 800 , 3466.85 
 801 , 3457.77 
 802 , 3465.09 
 803 , 3501.93 
 804 , 3549.6 
 805 , 3573.57 
 806 , 3567.11 
 807 , 3551.72 
 808 , 3536.39 
 809 , 3504 
 810 , 3445.26 
 811 , 3391.7 
 812 , 3378.64 
 813 , 3398.22 
 814 , 3423.57 
 815 , 3443.18 
 816 , 3458.51 
 817 , 3469.66 
 818 , 3474.54 
 819 , 3474.69 
 820 , 3482.66 
 821 , 3509.21 
 822 , 3541.84 
 823 , 3560.63 
 824 , 3562.38 
 825 , 3555.44 
 826 , 3541.33 
 827 , 3512.45 
 828 , 3468.46 
 829 , 3428.66 
 830 , 3410.27 
 831 , 3407.16 
 832 , 3407.4 
 833 , 3407.79 
 834 , 3409.51 
 835 , 3413.34 
 836 , 3420.21 
 837 , 3430.06 
 838 , 3440.03 
 839 , 3447.22 
 840 , 3451.95 
 841 , 3455.44 
 842 , 3457.25 
 843 , 3456 
 844 , 3452.77 
 845 , 3450.61 
 846 , 3450.38 
 847 , 3449.9 
 848 , 3447.67 
 849 , 3444.36 
 850 , 3440.6 
 851 , 3435.72 
 852 , 3429.13 
 853 , 3422.39 
 854 , 3417.83 
 855 , 3415.1 
 856 , 3411.64 
 857 , 3406.52 
 858 , 3401.23 
 859 , 3396.83 
 860 , 3393.37 
 861 , 3390.99 
 862 , 3389.32 
 863 , 3387.51 
 864 , 3385.26 
 865 , 3383.11 
 866 , 3381.98 
 867 , 3382.42 
 868 , 3384.05 
 869 , 3385.85 
 870 , 3387.22 
 871 , 3387.87 
 872 , 3387.23 
 873 , 3383.88 
 874 , 3376.11 
 875 , 3362.32 
 876 , 3341.08 
 877 , 3316.38 
 878 , 3299.27 
 879 , 3297.24 
 880 , 3309.05 
 881 , 3331.07 
 882 , 3354.09 
 883 , 3368.22 
 884 , 3370.81 
 885 , 3362.66 
 886 , 3346.75 
 887 , 3327.91 
 888 , 3312.67 
 889 , 3309.75 
 890 , 3321.87 
 891 , 3337.1 
 892 , 3343.93 
 893 , 3342.42 
 894 , 3335.97 
 895 , 3328.37 
 896 , 3323.17 
 897 , 3323.2 
 898 , 3331.2 
 899 , 3347.26 
 900 , 3367.25 
 901 , 3386.91 
 902 , 3403.3 
 903 , 3415.05 
 904 , 3425.16 
 905 , 3436.88 
 906 , 3449.58 
 907 , 3461.37 
 908 , 3472.04 
 909 , 3482.04 
 910 , 3490.66 
 911 , 3496.78 
 912 , 3499.14 
 913 , 3494.52 
 914 , 3480.87 
 915 , 3463.79 
 916 , 3450.03 
 917 , 3438.51 
 918 , 3424.77 
 919 , 3407.39 
 920 , 3387.52 
 921 , 3366.6 
 922 , 3345.85 
 923 , 3325.45 
 924 , 3304.52 
 925 , 3284 
 926 , 3269.76 
 927 , 3266.48 
 928 , 3268.88 
 929 , 3269.58 
 930 , 3268.77 
 931 , 3270.26 
 932 , 3273.85 
 933 , 3276.45 
 934 , 3277.73 
 935 , 3280.46 
 936 , 3284.7 
 937 , 3284.23 
 938 , 3274.75 
 939 , 3262.73 
 940 , 3256.2 
 941 , 3255.19 
 942 , 3256.69 
 943 , 3261.46 
 944 , 3272.56 
 945 , 3287.69 
 946 , 3298.26 
 947 , 3298.9 
 948 , 3291.17 
 949 , 3278.06 
 950 , 3264.11 
 951 , 3252.88 
 952 , 3242.04 
 953 , 3228.5 
 954 , 3217.09 
 955 , 3215.88 
 956 , 3224.25 
 957 , 3235 
 958 , 3245.67 
 959 , 3259.66 
 960 , 3277.31 
 961 , 3292.26 
 962 , 3299.12 
 963 , 3298.67 
 964 , 3293.25 
 965 , 3286.06 
 966 , 3280.01 
 967 , 3274.06 
 968 , 3265.41 
 969 , 3254.77 
 970 , 3245.62 
 971 , 3239.16 
 972 , 3233.71 
 973 , 3228.95 
 974 , 3228.04 
 975 , 3232.92 
 976 , 3238.64 
 977 , 3239.8 
 978 , 3238.26 
 979 , 3238.16 
 980 , 3239.36 
 981 , 3239.3 
 982 , 3239.16 
 983 , 3243.32 
 984 , 3250.84 
 985 , 3253.69 
 986 , 3249.25 
 987 , 3246.4 
 988 , 3250.91 
 989 , 3254.85 
 990 , 3250.27 
 991 , 3241.96 
 992 , 3237.76 
 993 , 3237.67 
 994 , 3238.14 
 995 , 3241.06 
 996 , 3252.37 
 997 , 3272.33 
 998 , 3294.38 
 999 , 3313.29 
 1000 , 3326.64 
 1001 , 3332.62 
 1002 , 3330.68 
 1003 , 3321.73 
 1004 , 3310.63 
 1005 , 3301.91 
 1006 , 3293.25 
 1007 , 3280.62 
 1008 , 3267.37 
 1009 , 3260.43 
 1010 , 3259.74 
 1011 , 3259.65 
 1012 , 3258.62 
 1013 , 3259.93 
 1014 , 3263.8 
 1015 , 3264.74 
 1016 , 3259.03 
 1017 , 3249 
 1018 , 3237.52 
 1019 , 3226.33 
 1020 , 3217.04 
 1021 , 3211.13 
 1022 , 3209.72 
 1023 , 3212.79 
 1024 , 3219.6 
 1025 , 3230.51 
 1026 , 3246.85 
 1027 , 3266.55 
 1028 , 3282.76 
 1029 , 3292.01 
 1030 , 3297.93 
 1031 , 3302.18 
 1032 , 3298.99 
 1033 , 3284.54 
 1034 , 3268.35 
 1035 , 3261.39 
 1036 , 3261.05 
 1037 , 3260.19 
 1038 , 3259.08 
 1039 , 3261.57 
 1040 , 3267.15 
 1041 , 3272.32 
 1042 , 3275.5 
 1043 , 3276.92 
 1044 , 3276.02 
 1045 , 3271.55 
 1046 , 3263.57 
 1047 , 3254.75 
 1048 , 3247.6 
 1049 , 3243.33 
 1050 , 3242.73 
 1051 , 3244.91 
 1052 , 3248.19 
 1053 , 3250.42 
 1054 , 3249.23 
 1055 , 3244 
 1056 , 3235.63 
 1057 , 3226.16 
 1058 , 3218.68 
 1059 , 3218.58 
 1060 , 3235.57 
 1061 , 3270.26 
 1062 , 3299.98 
 1063 , 3306.95 
 1064 , 3302.95 
 1065 , 3301.79 
 1066 , 3293.9 
 1067 , 3265.68 
 1068 , 3231.42 
 1069 , 3216.18 
 1070 , 3217.99 
 1071 , 3217.84 
 1072 , 3210.5 
 1073 , 3203.83 
 1074 , 3202.53 
 1075 , 3206.33 
 1076 , 3214.24 
 1077 , 3225.14 
 1078 , 3237.65 
 1079 , 3249.2 
 1080 , 3257.53 
 1081 , 3262.89 
 1082 , 3266.33 
 1083 , 3268.98 
 1084 , 3271.91 
 1085 , 3276.3 
 1086 , 3283.35 
 1087 , 3291.87 
 1088 , 3298.98 
 1089 , 3303.19 
 1090 , 3304.57 
 1091 , 3303.3 
 1092 , 3299.13 
 1093 , 3292.17 
 1094 , 3283.79 
 1095 , 3275.55 
 1096 , 3268.28 
 1097 , 3262.12 
 1098 , 3256.21 
 1099 , 3250.26 
 1100 , 3246.08 
 1101 , 3245.18 
 1102 , 3245.45 
 1103 , 3244.06 
 1104 , 3241.38 
 1105 , 3239.23 
 1106 , 3239.82 
 1107 , 3245.61 
 1108 , 3254.94 
 1109 , 3262.26 
 1110 , 3265.71 
 1111 , 3268.29 
 1112 , 3271.95 
 1113 , 3276.64 
 1114 , 3282.56 
 1115 , 3290.55 
 1116 , 3300.34 
 1117 , 3308.69 
 1118 , 3312.46 
 1119 , 3310.14 
 1120 , 3301.2 
 1121 , 3289.66 
 1122 , 3280.63 
 1123 , 3273.18 
 1124 , 3263.83 
 1125 , 3254.44 
 1126 , 3250.08 
 1127 , 3250.51 
 1128 , 3251.17 
 1129 , 3253.73 
 1130 , 3266.57 
 1131 , 3287.62 
 1132 , 3299.58 
 1133 , 3294.66 
 1134 , 3285.06 
 1135 , 3279.37 
 1136 , 3271.99 
 1137 , 3259.66 
 1138 , 3253.96 
 1139 , 3265.41 
 1140 , 3286.04 
 1141 , 3304.41 
 1142 , 3319.33 
 1143 , 3333.06 
 1144 , 3344.27 
 1145 , 3350.41 
 1146 , 3355.29 
 1147 , 3366.51 
 1148 , 3385.35 
 1149 , 3407.69 
 1150 , 3430.9 
 1151 , 3454.35 
 1152 , 3477.63 
 1153 , 3500.15 
 1154 , 3520.87 
 1155 , 3538.16 
 1156 , 3551.79 
 1157 , 3564.57 
 1158 , 3577.65 
 1159 , 3586.52 
 1160 , 3587.64 
 1161 , 3585.06 
 1162 , 3583.63 
 1163 , 3583.25 
 1164 , 3583.03 
 1165 , 3587.03 
 1166 , 3600.34 
 1167 , 3620.28 
 1168 , 3640.29 
 1169 , 3654.49 
 1170 , 3657.63 
 1171 , 3648.41 
 1172 , 3628.87 
 1173 , 3602.26 
 1174 , 3572.88 
 1175 , 3545.88 
 1176 , 3527.52 
 1177 , 3519.09 
 1178 , 3513.62 
 1179 , 3505.48 
 1180 , 3493.08 
 1181 , 3476.34 
 1182 , 3457.71 
 1183 , 3439.76 
 1184 , 3424.29 
 1185 , 3412.7 
 1186 , 3405.43 
 1187 , 3402.36 
 1188 , 3401.74 
 1189 , 3400.92 
 1190 , 3394.46 
 1191 , 3377.07 
 1192 , 3354.73 
 1193 , 3338.29 
 1194 , 3327.07 
 1195 , 3313.66 
 1196 , 3299.18 
 1197 , 3291.27 
 1198 , 3291.94 
 1199 , 3297.62 
 1200 , 3303.51 
 1201 , 3303.66 
 1202 , 3295.69 
 1203 , 3282.45 
 1204 , 3266.25 
 1205 , 3247.8 
 1206 , 3228.91 
 1207 , 3214.09 
 1208 , 3207.09 
 1209 , 3208.54 
 1210 , 3217.05 
 1211 , 3226.49 
 1212 , 3231.92 
 1213 , 3236.28 
 1214 , 3243.44 
 1215 , 3253.1 
 1216 , 3263.72 
 1217 , 3273.17 
 1218 , 3279.4 
 1219 , 3283.19 
 1220 , 3286.38 
 1221 , 3288.61 
 1222 , 3288.43 
 1223 , 3285.96 
 1224 , 3282.22 
 1225 , 3277.25 
 1226 , 3270.53 
 1227 , 3263.74 
 1228 , 3260.31 
 1229 , 3258.51 
 1230 , 3251.25 
 1231 , 3238.72 
 1232 , 3230.74 
 1233 , 3229.7 
 1234 , 3225.75 
 1235 , 3218.02 
 1236 , 3223.86 
 1237 , 3250.12 
 1238 , 3276.86 
 1239 , 3289.4 
 1240 , 3295.73 
 1241 , 3302.73 
 1242 , 3302.51 
 1243 , 3288.35 
 1244 , 3268.43 
 1245 , 3252.6 
 1246 , 3242.3 
 1247 , 3236.62 
 1248 , 3235.19 
 1249 , 3238.21 
 1250 , 3246.12 
 1251 , 3258.51 
 1252 , 3270.05 
 1253 , 3274.71 
 1254 , 3276.12 
 1255 , 3281.71 
 1256 , 3290.07 
 1257 , 3295.41 
 1258 , 3299.01 
 1259 , 3306.34 
 1260 , 3314.55 
 1261 , 3314.64 
 1262 , 3307.74 
 1263 , 3304.25 
 1264 , 3307.24 
 1265 , 3311.51 
 1266 , 3313.76 
 1267 , 3313.86 
 1268 , 3311.46 
 1269 , 3305.08 
 1270 , 3295.81 
 1271 , 3289.27 
 1272 , 3288.63 
 1273 , 3291.75 
 1274 , 3296.46 
 1275 , 3301.82 
 1276 , 3306.44 
 1277 , 3307.5 
 1278 , 3304.92 
 1279 , 3306.07 
 1280 , 3317.27 
 1281 , 3338.35 
 1282 , 3366.83 
 1283 , 3396.5 
 1284 , 3420.52 
 1285 , 3432.15 
 1286 , 3427.56 
 1287 , 3416.43 
 1288 , 3409.99 
 1289 , 3406.66 
 1290 , 3401.82 
 1291 , 3398.62 
 1292 , 3401.75 
 1293 , 3405.73 
 1294 , 3402.43 
 1295 , 3395.77 
 1296 , 3394.31 
 1297 , 3399.63 
 1298 , 3409.59 
 1299 , 3419.3 
 1300 , 3422.57 
 1301 , 3418.72 
 1302 , 3410.62 
 1303 , 3398.81 
 1304 , 3382.07 
 1305 , 3362.84 
 1306 , 3346.44 
 1307 , 3335.17 
 1308 , 3328.46 
 1309 , 3325.66 
 1310 , 3326.33 
 1311 , 3329.19 
 1312 , 3331.99 
 1313 , 3334.51 
 1314 , 3338.78 
 1315 , 3344.54 
 1316 , 3348.65 
 1317 , 3351.48 
 1318 , 3358.07 
 1319 , 3366.49 
 1320 , 3365.05 
 1321 , 3354.01 
 1322 , 3352.46 
 1323 , 3366.97 
 1324 , 3381.25 
 1325 , 3387.49 
 1326 , 3396.47 
 1327 , 3412.79 
 1328 , 3426.12 
 1329 , 3430.05 
 1330 , 3428.94 
 1331 , 3427.97 
 1332 , 3431.91 
 1333 , 3441.4 
 1334 , 3446.21 
 1335 , 3444.8 
 1336 , 3463.75 
 1337 , 3516.49 
 1338 , 3565.29 
 1339 , 3577.99 
 1340 , 3568.21 
 1341 , 3550.83 
 1342 , 3514.72 
 1343 , 3453.3 
 1344 , 3396.34 
 1345 , 3372.97 
 1346 , 3378.93 
 1347 , 3401.04 
 1348 , 3423.5 
 1349 , 3433.97 
 1350 , 3435.23 
 1351 , 3432.14 
 1352 , 3422.99 
 1353 , 3406.06 
 1354 , 3387.01 
 1355 , 3372.84 
 1356 , 3367.55 
 1357 , 3372.87 
 1358 , 3383.3 
 1359 , 3392.46 
 1360 , 3401.05 
 1361 , 3410.87 
 1362 , 3418.02 
 1363 , 3418.48 
 1364 , 3417.14 
 1365 , 3420.58 
 1366 , 3427.06 
 1367 , 3432.54 
 1368 , 3435.99 
 1369 , 3437.52 
 1370 , 3439.6 
 1371 , 3445.38 
 1372 , 3453.34 
 1373 , 3459.92 
 1374 , 3463.83 
 1375 , 3465 
 1376 , 3462.1 
 1377 , 3453.56 
 1378 , 3443.75 
 1379 , 3439.57 
 1380 , 3440.66 
 1381 , 3442.82 
 1382 , 3442.91 
 1383 , 3438.31 
 1384 , 3422.97 
 1385 , 3390.76 
 1386 , 3353.47 
 1387 , 3330.68 
 1388 , 3322.33 
 1389 , 3318.53 
 1390 , 3319.77 
 1391 , 3330.73 
 1392 , 3342.38 
 1393 , 3340.1 
 1394 , 3327.22 
 1395 , 3316.57 
 1396 , 3315.73 
 1397 , 3328.3 
 1398 , 3346.77 
 1399 , 3357.81 
 1400 , 3359.45 
 1401 , 3356.27 
 1402 , 3348.32 
 1403 , 3333.96 
 1404 , 3321.13 
 1405 , 3321.95 
 1406 , 3334.2 
 1407 , 3347.71 
 1408 , 3358.84 
 1409 , 3367.74 
 1410 , 3375.46 
 1411 , 3384.01 
 1412 , 3395.45 
 1413 , 3411.25 
 1414 , 3428.15 
 1415 , 3440.42 
 1416 , 3443.22 
 1417 , 3432.77 
 1418 , 3414.84 
 1419 , 3400.6 
 1420 , 3395.98 
 1421 , 3402.78 
 1422 , 3414.91 
 1423 , 3423.01 
 1424 , 3427.07 
 1425 , 3432.27 
 1426 , 3445.52 
 1427 , 3475.53 
 1428 , 3533.78 
 1429 , 3628.99 
 1430 , 3734.26 
 1431 , 3807.37 
 1432 , 3840.17 
 1433 , 3841.29 
 1434 , 3809.64 
 1435 , 3742.81 
 1436 , 3668.18 
 1437 , 3623.79 
 1438 , 3610.16 
 1439 , 3610.11 
 1440 , 3615.79 
 1441 , 3623.88 
 1442 , 3629.86 
 1443 , 3629.09 
 1444 , 3620.31 
 1445 , 3604.36 
 1446 , 3586.12 
 1447 , 3571.7 
 1448 , 3563.57 
 1449 , 3561.65 
 1450 , 3561.46 
 1451 , 3558.71 
 1452 , 3559.67 
 1453 , 3571.49 
 1454 , 3583.72 
 1455 , 3582.27 
 1456 , 3569.54 
 1457 , 3552.33 
 1458 , 3529.63 
 1459 , 3499.76 
 1460 , 3471.59 
 1461 , 3455.83 
 1462 , 3454.06 
 1463 , 3463.93 
 1464 , 3479.08 
 1465 , 3492.66 
 1466 , 3499.56 
 1467 , 3496.23 
 1468 , 3485.56 
 1469 , 3472.47 
 1470 , 3461.55 
 1471 , 3456.06 
 1472 , 3455.02 
 1473 , 3456.83 
 1474 , 3462.4 
 1475 , 3471.54 
 1476 , 3476.53 
 1477 , 3471.91 
 1478 , 3466.72 
 1479 , 3469.35 
 1480 , 3474.77 
 1481 , 3476.95 
 1482 , 3477.76 
 1483 , 3480.25 
 1484 , 3483.83 
 1485 , 3485.93 
 1486 , 3483.48 
 1487 , 3476.75 
 1488 , 3470.75 
 1489 , 3466.83 
 1490 , 3459.62 
 1491 , 3447.13 
 1492 , 3433.86 
 1493 , 3420.77 
 1494 , 3402.5 
 1495 , 3380.3 
 1496 , 3366.26 
 1497 , 3364.39 
 1498 , 3365.97 
 1499 , 3368.44 
 1500 , 3378.32 
 1501 , 3392.49 
 1502 , 3395.91 
 1503 , 3386.19 
 1504 , 3375.49 
 1505 , 3368.12 
 1506 , 3359.71 
 1507 , 3349.47 
 1508 , 3340.18 
 1509 , 3334.38 
 1510 , 3334.3 
 1511 , 3338.97 
 1512 , 3344.89 
 1513 , 3352.22 
 1514 , 3363.71 
 1515 , 3376.33 
 1516 , 3383.26 
 1517 , 3384.23 
 1518 , 3382.84 
 1519 , 3375.85 
 1520 , 3356.63 
 1521 , 3328.03 
 1522 , 3298.45 
 1523 , 3276.04 
 1524 , 3266.4 
 1525 , 3261.9 
 1526 , 3252.08 
 1527 , 3240.48 
 1528 , 3233.79 
 1529 , 3229.21 
 1530 , 3223.96 
 1531 , 3228.17 
 1532 , 3250.51 
 1533 , 3279.07 
 1534 , 3299.91 
 1535 , 3310.48 
 1536 , 3311.63 
 1537 , 3307.72 
 1538 , 3302.69 
 1539 , 3296.46 
 1540 , 3289.09 
 1541 , 3283.14 
 1542 , 3281.71 
 1543 , 3287.99 
 1544 , 3299.03 
 1545 , 3299.79 
 1546 , 3285.05 
 1547 , 3269.37 
 1548 , 3261.24 
 1549 , 3256.73 
 1550 , 3257.81 
 1551 , 3275.27 
 1552 , 3305.98 
 1553 , 3329.85 
 1554 , 3340.19 
 1555 , 3345.43 
 1556 , 3347.78 
 1557 , 3343.59 
 1558 , 3337.79 
 1559 , 3342.03 
 1560 , 3357.69 
 1561 , 3378.24 
 1562 , 3396.61 
 1563 , 3406.28 
 1564 , 3406.67 
 1565 , 3399.94 
 1566 , 3384.24 
 1567 , 3358.46 
 1568 , 3339.93 
 1569 , 3348.71 
 1570 , 3373.33 
 1571 , 3394.98 
 1572 , 3417.4 
 1573 , 3447.66 
 1574 , 3475.37 
 1575 , 3491.1 
 1576 , 3507.36 
 1577 , 3534.62 
 1578 , 3560.43 
 1579 , 3574.24 
 1580 , 3583.11 
 1581 , 3592.73 
 1582 , 3598.55 
 1583 , 3600.08 
 1584 , 3607.89 
 1585 , 3626.04 
 1586 , 3645.27 
 1587 , 3659.77 
 1588 , 3670.66 
 1589 , 3675.1 
 1590 , 3664.86 
 1591 , 3640.4 
 1592 , 3611.74 
 1593 , 3586.06 
 1594 , 3567.31 
 1595 , 3556.02 
 1596 , 3550.17 
 1597 , 3548.56 
 1598 , 3550.21 
 1599 , 3550.06 
 1600 , 3542 
 1601 , 3530.32 
 1602 , 3523.39 
 1603 , 3523.16 
 1604 , 3529.03 
 1605 , 3540.46 
 1606 , 3556.56 
 1607 , 3574.58 
 1608 , 3589.47 
 1609 , 3589.71 
 1610 , 3567.77 
 1611 , 3532.76 
 1612 , 3496.55 
 1613 , 3470.15 
 1614 , 3463.37 
 1615 , 3483.07 
 1616 , 3526.24 
 1617 , 3573.62 
 1618 , 3608.2 
 1619 , 3618.64 
 1620 , 3602.75 
 1621 , 3569.71 
 1622 , 3528.4 
 1623 , 3485.72 
 1624 , 3444.61 
 1625 , 3405.4 
 1626 , 3370.15 
 1627 , 3341.47 
 1628 , 3320.03 
 1629 , 3305.99 
 1630 , 3302.06 
 1631 , 3310.29 
 1632 , 3321.73 
 1633 , 3325.14 
 1634 , 3319.81 
 1635 , 3308.12 
 1636 , 3291.97 
 1637 , 3274.52 
 1638 , 3262.28 
 1639 , 3258.56 
 1640 , 3256.62 
 1641 , 3249.43 
 1642 , 3233.33 
 1643 , 3207.96 
 1644 , 3177.78 
 1645 , 3148.3 
 1646 , 3126.11 
 1647 , 3114.01 
 1648 , 3109.42 
 1649 , 3111.5 
 1650 , 3121.78 
 1651 , 3133.94 
 1652 , 3135.69 
 1653 , 3128.14 
 1654 , 3120.87 
 1655 , 3116.27 
 1656 , 3113.28 
 1657 , 3114.32 
 1658 , 3122.03 
 1659 , 3131.06 
 1660 , 3133.78 
 1661 , 3125.27 
 1662 , 3104.59 
 1663 , 3082.65 
 1664 , 3068.5 
 1665 , 3058.92 
 1666 , 3050.44 
 1667 , 3042.25 
 1668 , 3032.21 
 1669 , 3017.99 
 1670 , 3009.34 
 1671 , 3029.73 
 1672 , 3072.23 
 1673 , 3097.48 
 1674 , 3099.12 
 1675 , 3099.09 
 1676 , 3092.65 
 1677 , 3059.6 
 1678 , 3020.25 
 1679 , 3012.98 
 1680 , 3027.62 
 1681 , 3035.11 
 1682 , 3035.62 
 1683 , 3039 
 1684 , 3044.34 
 1685 , 3048.38 
 1686 , 3055.99 
 1687 , 3071.37 
 1688 , 3087.45 
 1689 , 3095.69 
 1690 , 3090.97 
 1691 , 3073.66 
 1692 , 3051.72 
 1693 , 3032.36 
 1694 , 3021.64 
 1695 , 3021.65 
 1696 , 3029.38 
 1697 , 3038.93 
 1698 , 3042.8 
 1699 , 3038.27 
 1700 , 3025.98 
 1701 , 3011.64 
 1702 , 3003.22 
 1703 , 3001.12 
 1704 , 3001.95 
 1705 , 3000.55 
 1706 , 2992.5 
 1707 , 2979.54 
 1708 , 2965.88 
 1709 , 2956.91 
 1710 , 2957.14 
 1711 , 2969.93 
 1712 , 2989.06 
 1713 , 2991.21 
 1714 , 2972.45 
 1715 , 2957.38 
 1716 , 2952.21 
 1717 , 2943.28 
 1718 , 2937.14 
 1719 , 2953.72 
 1720 , 2982.82 
 1721 , 2999.24 
 1722 , 2999.48 
 1723 , 2989.03 
 1724 , 2979.44 
 1725 , 2983.02 
 1726 , 2991.05 
 1727 , 2992.26 
 1728 , 2995.48 
 1729 , 3004 
 1730 , 2992.08 
 1731 , 2952.94 
 1732 , 2927.22 
 1733 , 2930.96 
 1734 , 2935.78 
 1735 , 2936.61 
 1736 , 2957.04 
 1737 , 2986.67 
 1738 , 2987.17 
 1739 , 2963.42 
 1740 , 2947.21 
 1741 , 2942.87 
 1742 , 2942.57 
 1743 , 2950.78 
 1744 , 2970.74 
 1745 , 2983.96 
 1746 , 2979.02 
 1747 , 2982.2 
 1748 , 3007.77 
 1749 , 3026.55 
 1750 , 3023.01 
 1751 , 3014.66 
 1752 , 3004.7 
 1753 , 2974.67 
 1754 , 2925.86 
 1755 , 2881.09 
 1756 , 2856.58 
 1757 , 2860.77 
 1758 , 2880.66 
 1759 , 2892.44 
 1760 , 2898.78 
 1761 , 2912.71 
 1762 , 2926.76 
 1763 , 2929.01 
 1764 , 2923.08 
 1765 , 2916.63 
 1766 , 2916.43 
 1767 , 2925.62 
 1768 , 2939.37 
 1769 , 2953.95 
 1770 , 2970.86 
 1771 , 2987.34 
 1772 , 2991.58 
 1773 , 2978.44 
 1774 , 2953.13 
 1775 , 2924.03 
 1776 , 2898.82 
 1777 , 2880.79 
 1778 , 2871.49 
 1779 , 2867.71 
 1780 , 2865.35 
 1781 , 2868.78 
 1782 , 2879.23 
 1783 , 2879.59 
 1784 , 2862.72 
 1785 , 2851.71 
 1786 , 2853.92 
 1787 , 2844.63 
 1788 , 2820.64 
 1789 , 2807.86 
 1790 , 2810.98 
 1791 , 2814.59 
 1792 , 2818.95 
 1793 , 2834.16 
 1794 , 2854.99 
 1795 , 2869.73 
 1796 , 2876.13 
 1797 , 2875.58 
 1798 , 2869.16 
 1799 , 2859.43 
 1800 , 2854.19 
 1801 , 2856.26 
 1802 , 2856.53 
 1803 , 2856.28 
 1804 , 2873.25 
 1805 , 2899.03 
 1806 , 2897.88 
 1807 , 2876.69 
 1808 , 2873.44 
 1809 , 2883.28 
 1810 , 2881.68 
 1811 , 2885.6 
 1812 , 2918.41 
 1813 , 2949.79 
 1814 , 2950.57 
 1815 , 2948.92 
 1816 , 2966.63 
 1817 , 2982.79 
 1818 , 2987.72 
 1819 , 3000.28 
 1820 , 3018.98 
 1821 , 3015.98 
 1822 , 2993.36 
 1823 , 2978.38 
 1824 , 2966.96 
 1825 , 2939.11 
 1826 , 2909.13 
 1827 , 2900.66 
 1828 , 2905.58 
 1829 , 2909.45 
 1830 , 2910.08 
 1831 , 2906.06 
 1832 , 2893.07 
 1833 , 2872.37 
 1834 , 2854.53 
 1835 , 2848.14 
 1836 , 2857.63 
 1837 , 2873.86 
 1838 , 2877.74 
 1839 , 2872.47 
 1840 , 2873.15 
 1841 , 2877.76 
 1842 , 2879.17 
 1843 , 2879.38 
 1844 , 2880.28 
 1845 , 2876.65 
 1846 , 2868.14 
 1847 , 2867.06 
 1848 , 2879.64 
 1849 , 2900.79 
 1850 , 2920.55 
 1851 , 2922.96 
 1852 , 2906.04 
 1853 , 2881.38 
 1854 , 2856.7 
 1855 , 2836.88 
 1856 , 2832.98 
 1857 , 2854.6 
 1858 , 2889.17 
 1859 , 2919.22 
 1860 , 2931.18 
 1861 , 2919.78 
 1862 , 2898.43 
 1863 , 2879.77 
 1864 , 2869.39 
 1865 , 2871.64 
 1866 , 2891.58 
 1867 , 2918.04 
 1868 , 2927.41 
 1869 , 2914.25 
 1870 , 2885.69 
 1871 , 2858.41 
 1872 , 2849.56 
 1873 , 2867.48 
 1874 , 2909.2 
 1875 , 2946.41 
 1876 , 2955.65 
 1877 , 2929.97 
 1878 , 2885.11 
 1879 , 2862.02 
 1880 , 2868.18 
 1881 , 2881.46 
 1882 , 2898.46 
 1883 , 2922.35 
 1884 , 2924.34 
 1885 , 2880.07 
 1886 , 2840.21 
 1887 , 2851.5 
 1888 , 2886.27 
 1889 , 2915.81 
 1890 , 2936.29 
 1891 , 2943.94 
 1892 , 2933.4 
 1893 , 2909.34 
 1894 , 2884.53 
 1895 , 2863.57 
 1896 , 2845.19 
 1897 , 2826.7 
 1898 , 2807.45 
 1899 , 2800.21 
 1900 , 2814.31 
 1901 , 2832.73 
 1902 , 2843.71 
 1903 , 2858.66 
 1904 , 2878.62 
 1905 , 2885.52 
 1906 , 2882.26 
 1907 , 2892.98 
 1908 , 2906.24 
 1909 , 2888.76 
 1910 , 2851.53 
 1911 , 2822.92 
 1912 , 2801.17 
 1913 , 2780.58 
 1914 , 2778.67 
 1915 , 2799.03 
 1916 , 2800.57 
 1917 , 2770.96 
 1918 , 2752.27 
 1919 , 2753.77 
 1920 , 2747.67 
 1921 , 2752.73 
 1922 , 2812.7 
 1923 , 2881.51 
 1924 , 2887.96 
 1925 , 2867.59 
 1926 , 2868.66 
 1927 , 2862.04 
 1928 , 2829.43 
 1929 , 2813.44 
 1930 , 2829.69 
 1931 , 2841.37 
 1932 , 2832.66 
 1933 , 2814.19 
 1934 , 2799.18 
 1935 , 2798.07 
 1936 , 2795.08 
 1937 , 2771.52 
 1938 , 2751.53 
 1939 , 2760.51 
 1940 , 2788.89 
 1941 , 2826.05 
 1942 , 2872.61 
 1943 , 2916.06 
 1944 , 2925.04 
 1945 , 2895.1 
 1946 , 2848.1 
 1947 , 2798.65 
 1948 , 2756.46 
 1949 , 2737.96 
 1950 , 2753.64 
 1951 , 2778.22 
 1952 , 2790.22 
 1953 , 2800.67 
 1954 , 2818.16 
 1955 , 2841.4 
 1956 , 2857.94 
 1957 , 2840.4 
 1958 , 2797.26 
 1959 , 2766.67 
 1960 , 2751.5 
 1961 , 2738.5 
 1962 , 2744.95 
 1963 , 2785.02 
 1964 , 2821.22 
 1965 , 2825.16 
 1966 , 2812.69 
 1967 , 2799.58 
 1968 , 2795.2 
 1969 , 2801.41 
 1970 , 2810.89 
 1971 , 2820.38 
 1972 , 2830.59 
 1973 , 2835.84 
 1974 , 2830.46 
 1975 , 2823.83 
 1976 , 2821.58 
 1977 , 2810.33 
 1978 , 2788.6 
 1979 , 2777.9 
 1980 , 2784.02 
 1981 , 2793.61 
 1982 , 2799.01 
 1983 , 2796.98 
 1984 , 2784.97 
 1985 , 2763.33 
 1986 , 2744.94 
 1987 , 2740.97 
 1988 , 2742.75 
 1989 , 2742.47 
 1990 , 2742.3 
 1991 , 2738.99 
 1992 , 2722.23 
 1993 , 2698.89 
 1994 , 2688.75 
 1995 , 2692.26 
 1996 , 2702.02 
 1997 , 2726.04 
 1998 , 2769.97 
 1999 , 2813.88 
 2000 , 2841.88 
 2001 , 2859.1 
 2002 , 2866.14 
 2003 , 2853.57 
 2004 , 2822.36 
 2005 , 2784.17 
 2006 , 2749.85 
 2007 , 2726.51 
 2008 , 2703 
 2009 , 2671.33 
 2010 , 2665.37 
 2011 , 2703.04 
 2012 , 2736.86 
 2013 , 2747.68 
 2014 , 2775.68 
 2015 , 2820.51 
 2016 , 2837.93 
 2017 , 2828.93 
 2018 , 2823.75 
 2019 , 2830.99 
 2020 , 2846.69 
 2021 , 2856.76 
 2022 , 2850.29 
 2023 , 2830.4 
 2024 , 2801.57 
 2025 , 2766.91 
 2026 , 2734.45 
 2027 , 2716.46 
 2028 , 2713.28 
 2029 , 2717.53 
 2030 , 2718.48 
 2031 , 2707.75 
 2032 , 2701.56 
 2033 , 2715.65 
 2034 , 2740.06 
 2035 , 2768.56 
 2036 , 2812.57 
 2037 , 2862.92 
 2038 , 2886.41 
 2039 , 2882.15 
 2040 , 2870.91 
 2041 , 2855.23 
 2042 , 2831.42 
 2043 , 2806.35 
 2044 , 2791.77 
 2045 , 2801.91 
 2046 , 2826.4 
 2047 , 2818.56 
 2048 , 2780.15 
 2049 , 2760.96 
 2050 , 2767.3 
 2051 , 2778.73 
 2052 , 2791.57 
 2053 , 2806.32 
 2054 , 2813.56 
 2055 , 2805.18 
 2056 , 2780.63 
 2057 , 2748.16 
 2058 , 2727.54 
 2059 , 2717.67 
 2060 , 2698.54 
 2061 , 2675.42 
 2062 , 2666.37 
 2063 , 2668.26 
 2064 , 2673.99 
 2065 , 2691.92 
 2066 , 2722.2 
 2067 , 2739.6 
 2068 , 2738.97 
 2069 , 2745.49 
 2070 , 2754.61 
 2071 , 2739.08 
 2072 , 2715.88 
 2073 , 2717.6 
 2074 , 2727.63 
 2075 , 2727.55 
 2076 , 2747.42 
 2077 , 2795.45 
 2078 , 2818.15 
 2079 , 2800.96 
 2080 , 2784.45 
 2081 , 2774.82 
 2082 , 2752.35 
 2083 , 2725.26 
 2084 , 2710.32 
 2085 , 2705.36 
 2086 , 2705.77 
 2087 , 2709.77 
 2088 , 2721.1 
 2089 , 2754.92 
 2090 , 2801.86 
 2091 , 2826.2 
 2092 , 2824.63 
 2093 , 2814.57 
 2094 , 2797.13 
 2095 , 2769.88 
 2096 , 2742.08 
 2097 , 2724.77 
 2098 , 2728.28 
 2099 , 2748.71 
 2100 , 2762.64 
 2101 , 2773.45 
 2102 , 2804.71 
 2103 , 2829.16 
 2104 , 2803.91 
 2105 , 2755.03 
 2106 , 2716.52 
 2107 , 2676.47 
 2108 , 2630.81 
 2109 , 2606.56 
 2110 , 2615.36 
 2111 , 2645.08 
 2112 , 2681.11 
 2113 , 2711.02 
 2114 , 2729.24 
 2115 , 2731.83 
 2116 , 2715.82 
 2117 , 2692.68 
 2118 , 2704.48 
 2119 , 2755.01 
 2120 , 2788.39 
 2121 , 2795.32 
 2122 , 2807.9 
 2123 , 2808.7 
 2124 , 2766.48 
 2125 , 2730.04 
 2126 , 2745.14 
 2127 , 2764.45 
 2128 , 2752.67 
 2129 , 2730.65 
 2130 , 2716.32 
 2131 , 2714.58 
 2132 , 2718.73 
 2133 , 2720.24 
 2134 , 2728.46 
 2135 , 2749.48 
 2136 , 2759.27 
 2137 , 2745.23 
 2138 , 2733.14 
 2139 , 2731.76 
 2140 , 2721.22 
 2141 , 2703.36 
 2142 , 2697.05 
 2143 , 2694.81 
 2144 , 2681.62 
 2145 , 2673.19 
 2146 , 2683.72 
 2147 , 2700.33 
 2148 , 2720.87 
 2149 , 2762.54 
 2150 , 2797.53 
 2151 , 2761.93 
 2152 , 2685.23 
 2153 , 2639.08 
 2154 , 2603.61 
 2155 , 2551.39 
 2156 , 2538.31 
 2157 , 2589.18 
 2158 , 2636.16 
 2159 , 2652.75 
 2160 , 2671.23 
 2161 , 2692.54 
 2162 , 2695.93 
 2163 , 2684.5 
 2164 , 2667.83 
 2165 , 2638.33 
 2166 , 2597.78 
 2167 , 2579.91 
 2168 , 2597.96 
 2169 , 2631.03 
 2170 , 2675.34 
 2171 , 2740.12 
 2172 , 2800.32 
 2173 , 2821.76 
 2174 , 2818.64 
 2175 , 2812.51 
 2176 , 2800.2 
 2177 , 2780.14 
 2178 , 2762.69 
 2179 , 2741.82 
 2180 , 2696.82 
 2181 , 2654.43 
 2182 , 2658.11 
 2183 , 2689.37 
 2184 , 2715.92 
 2185 , 2722.03 
 2186 , 2707.03 
 2187 , 2698.41 
 2188 , 2704.38 
 2189 , 2706.11 
 2190 , 2710.91 
 2191 , 2739.78 
 2192 , 2768.9 
 2193 , 2767.86 
 2194 , 2750.14 
 2195 , 2737.5 
 2196 , 2747.61 
 2197 , 2769.19 
 2198 , 2760.11 
 2199 , 2731.58 
 2200 , 2725.7 
 2201 , 2719.19 
 2202 , 2680.46 
 2203 , 2655.21 
 2204 , 2677.9 
 2205 , 2717.22 
 2206 , 2742.99 
 2207 , 2739.22 
 2208 , 2711.05 
 2209 , 2679.08 
 2210 , 2660.72 
 2211 , 2667.1 
 2212 , 2690.9 
 2213 , 2717.14 
 2214 , 2723.57 
 2215 , 2697.63 
 2216 , 2644.22 
 2217 , 2594.19 
 2218 , 2591.17 
 2219 , 2627.04 
 2220 , 2671.7 
 2221 , 2705.15 
 2222 , 2717.68 
 2223 , 2719.52 
 2224 , 2717.7 
 2225 , 2712.56 
 2226 , 2711.51 
 2227 , 2722.46 
 2228 , 2736.52 
 2229 , 2742.64 
 2230 , 2737.59 
 2231 , 2718.33 
 2232 , 2687.98 
 2233 , 2654.87 
 2234 , 2628.43 
 2235 , 2619.35 
 2236 , 2638.95 
 2237 , 2673.94 
 2238 , 2702.11 
 2239 , 2725.21 
 2240 , 2742.78 
 2241 , 2729.47 
 2242 , 2676.05 
 2243 , 2604.49 
 2244 , 2540.1 
 2245 , 2507.6 
 2246 , 2519.74 
 2247 , 2577.79 
 2248 , 2658.76 
 2249 , 2736.85 
 2250 , 2797.3 
 2251 , 2830.03 
 2252 , 2830.92 
 2253 , 2816.8 
 2254 , 2818.49 
 2255 , 2823.44 
 2256 , 2804.1 
 2257 , 2773.4 
 2258 , 2742.87 
 2259 , 2686.17 
 2260 , 2600.26 
 2261 , 2527.31 
 2262 , 2479.01 
 2263 , 2438.74 
 2264 , 2419.45 
 2265 , 2441.39 
 2266 , 2489.44 
 2267 , 2539.48 
 2268 , 2563.22 
 2269 , 2553.43 
 2270 , 2541.91 
 2271 , 2540.1 
 2272 , 2538.05 
 2273 , 2562.93 
 2274 , 2646.94 
 2275 , 2746.7 
 2276 , 2813 
 2277 , 2836.79 
 2278 , 2819.49 
 2279 , 2770.14 
 2280 , 2715.27 
 2281 , 2692.62 
 2282 , 2705.78 
 2283 , 2738.37 
 2284 , 2766.94 
 2285 , 2770.92 
 2286 , 2739.29 
 2287 , 2677.92 
 2288 , 2613.91 
 2289 , 2567.92 
 2290 , 2554.18 
 2291 , 2569.62 
 2292 , 2601.73 
 2293 , 2638.33 
 2294 , 2666.3 
 2295 , 2669.46 
 2296 , 2648.58 
 2297 , 2624.61 
 2298 , 2587.53 
 2299 , 2513.71 
 2300 , 2450.69 
 2301 , 2452.91 
 2302 , 2488.65 
 2303 , 2530.08 
 2304 , 2595.91 
 2305 , 2676.12 
 2306 , 2723.19 
 2307 , 2728.59 
 2308 , 2712.23 
 2309 , 2692.68 
 2310 , 2683.96 
 2311 , 2687.05 
 2312 , 2691.57 
 2313 , 2672.34 
 2314 , 2641.87 
 2315 , 2649.2 
 2316 , 2670.23 
 2317 , 2647.17 
 2318 , 2607.07 
 2319 , 2588.01 
 2320 , 2562.37 
 2321 , 2510.44 
 2322 , 2454.45 
 2323 , 2424.19 
 2324 , 2444.05 
 2325 , 2489.65 
 2326 , 2520.93 
 2327 , 2540.08 
 2328 , 2555.2 
 2329 , 2557.44 
 2330 , 2545.29 
 2331 , 2536.12 
 2332 , 2558.19 
 2333 , 2636.19 
 2334 , 2720.62 
 2335 , 2743.32 
 2336 , 2708.57 
 2337 , 2632 
 2338 , 2511.4 
 2339 , 2377.77 
