12-09-2023,12:47:30
Wavenumber(cm-1),Intensity
 250 , 4070.48 
 251 , 4070.48 
 252 , 4019.94 
 253 , 3969.63 
 254 , 3922.1 
 255 , 3876.56 
 256 , 3829.98 
 257 , 3780.59 
 258 , 3729.28 
 259 , 3677.33 
 260 , 3625.28 
 261 , 3573.55 
 262 , 3524.82 
 263 , 3483.47 
 264 , 3452.14 
 265 , 3429.13 
 266 , 3412.4 
 267 , 3399.82 
 268 , 3388.19 
 269 , 3373.98 
 270 , 3354.67 
 271 , 3329.75 
 272 , 3303.33 
 273 , 3279.72 
 274 , 3259.18 
 275 , 3238.59 
 276 , 3216.76 
 277 , 3197.68 
 278 , 3185.55 
 279 , 3179.3 
 280 , 3174.05 
 281 , 3166.55 
 282 , 3157.39 
 283 , 3147.68 
 284 , 3136.54 
 285 , 3121.89 
 286 , 3104.24 
 287 , 3087.34 
 288 , 3074.1 
 289 , 3064.71 
 290 , 3059.65 
 291 , 3058.55 
 292 , 3059.29 
 293 , 3058.86 
 294 , 3054.75 
 295 , 3046.62 
 296 , 3037.16 
 297 , 3028.33 
 298 , 3019.41 
 299 , 3008.87 
 300 , 2997.47 
 301 , 2987.15 
 302 , 2978.52 
 303 , 2970.08 
 304 , 2960.02 
 305 , 2949.1 
 306 , 2941.61 
 307 , 2940.93 
 308 , 2946.28 
 309 , 2955.56 
 310 , 2967.52 
 311 , 2981.33 
 312 , 2995.65 
 313 , 3007.57 
 314 , 3014.16 
 315 , 3015.77 
 316 , 3015.11 
 317 , 3014.16 
 318 , 3014.74 
 319 , 3018.79 
 320 , 3025.81 
 321 , 3033.69 
 322 , 3040.26 
 323 , 3044.07 
 324 , 3044.97 
 325 , 3043.78 
 326 , 3040.58 
 327 , 3035.43 
 328 , 3029.44 
 329 , 3024.47 
 330 , 3021.38 
 331 , 3020.49 
 332 , 3022.98 
 333 , 3030.51 
 334 , 3042.21 
 335 , 3053.74 
 336 , 3061.37 
 337 , 3065.13 
 338 , 3065.83 
 339 , 3063.53 
 340 , 3057.93 
 341 , 3050.05 
 342 , 3042.61 
 343 , 3037.36 
 344 , 3032.66 
 345 , 3026.23 
 346 , 3017.87 
 347 , 3008.46 
 348 , 2998.03 
 349 , 2986.14 
 350 , 2973.25 
 351 , 2962.02 
 352 , 2955.24 
 353 , 2952.08 
 354 , 2948.6 
 355 , 2942.63 
 356 , 2937.04 
 357 , 2935.08 
 358 , 2935.35 
 359 , 2933.96 
 360 , 2929.73 
 361 , 2925.15 
 362 , 2921.96 
 363 , 2918.47 
 364 , 2912.36 
 365 , 2903.78 
 366 , 2894.41 
 367 , 2885.42 
 368 , 2878.63 
 369 , 2876.38 
 370 , 2878.89 
 371 , 2884.27 
 372 , 2890.73 
 373 , 2897.53 
 374 , 2904.05 
 375 , 2908.84 
 376 , 2910.1 
 377 , 2907.89 
 378 , 2904.27 
 379 , 2901.26 
 380 , 2900.24 
 381 , 2902.31 
 382 , 2907.66 
 383 , 2916.11 
 384 , 2926.73 
 385 , 2937.6 
 386 , 2947.43 
 387 , 2957.78 
 388 , 2970.59 
 389 , 2984.48 
 390 , 2995.87 
 391 , 3003.65 
 392 , 3011.19 
 393 , 3021.4 
 394 , 3031.96 
 395 , 3039.08 
 396 , 3043.26 
 397 , 3048.9 
 398 , 3058.72 
 399 , 3071.24 
 400 , 3084.71 
 401 , 3099.28 
 402 , 3115.64 
 403 , 3133.01 
 404 , 3149.3 
 405 , 3162.92 
 406 , 3173.44 
 407 , 3180.47 
 408 , 3183.87 
 409 , 3183.99 
 410 , 3180.06 
 411 , 3168.71 
 412 , 3147.67 
 413 , 3121.82 
 414 , 3098.41 
 415 , 3084.11 
 416 , 3084.29 
 417 , 3099.22 
 418 , 3120.84 
 419 , 3141.47 
 420 , 3156.95 
 421 , 3163.08 
 422 , 3156.27 
 423 , 3135.1 
 424 , 3101.11 
 425 , 3061.7 
 426 , 3024.33 
 427 , 2993.52 
 428 , 2972.63 
 429 , 2960.01 
 430 , 2948.03 
 431 , 2932.37 
 432 , 2919.64 
 433 , 2917.4 
 434 , 2925.03 
 435 , 2938.05 
 436 , 2953.27 
 437 , 2968.42 
 438 , 2980.84 
 439 , 2987.93 
 440 , 2988 
 441 , 2982.33 
 442 , 2973.93 
 443 , 2966.35 
 444 , 2964.07 
 445 , 2970.84 
 446 , 2987.34 
 447 , 3013.51 
 448 , 3045.47 
 449 , 3075.21 
 450 , 3097.39 
 451 , 3114.5 
 452 , 3130.42 
 453 , 3143.76 
 454 , 3149.52 
 455 , 3146.17 
 456 , 3137.47 
 457 , 3127.44 
 458 , 3117.09 
 459 , 3105.69 
 460 , 3092.89 
 461 , 3079.81 
 462 , 3067.61 
 463 , 3056.43 
 464 , 3045.12 
 465 , 3030.72 
 466 , 3011.08 
 467 , 2988.75 
 468 , 2968.05 
 469 , 2950.39 
 470 , 2933.87 
 471 , 2916.68 
 472 , 2898.02 
 473 , 2877.81 
 474 , 2859.01 
 475 , 2845.84 
 476 , 2840.54 
 477 , 2843.26 
 478 , 2853.89 
 479 , 2871.12 
 480 , 2893.12 
 481 , 2916.78 
 482 , 2938.16 
 483 , 2954.42 
 484 , 2964.52 
 485 , 2969.32 
 486 , 2975.03 
 487 , 2987.43 
 488 , 3000.63 
 489 , 3002.32 
 490 , 2989.43 
 491 , 2972.12 
 492 , 2958.24 
 493 , 2943 
 494 , 2919.26 
 495 , 2890.36 
 496 , 2866.77 
 497 , 2852.99 
 498 , 2843.21 
 499 , 2832.05 
 500 , 2822.2 
 501 , 2818.58 
 502 , 2821.96 
 503 , 2829.86 
 504 , 2838.93 
 505 , 2845.28 
 506 , 2846.01 
 507 , 2840.28 
 508 , 2827.58 
 509 , 2808.17 
 510 , 2783.12 
 511 , 2755.32 
 512 , 2730.11 
 513 , 2711.47 
 514 , 2698.48 
 515 , 2689.71 
 516 , 2685.3 
 517 , 2685.67 
 518 , 2689.43 
 519 , 2693.56 
 520 , 2696.5 
 521 , 2700.42 
 522 , 2707.45 
 523 , 2716 
 524 , 2722.82 
 525 , 2726.85 
 526 , 2729.48 
 527 , 2730.94 
 528 , 2728.55 
 529 , 2720.32 
 530 , 2709.77 
 531 , 2702.83 
 532 , 2700.76 
 533 , 2699.28 
 534 , 2695.31 
 535 , 2690.15 
 536 , 2685.62 
 537 , 2680.93 
 538 , 2674.1 
 539 , 2665.95 
 540 , 2660.59 
 541 , 2660.17 
 542 , 2660.7 
 543 , 2657.65 
 544 , 2652.17 
 545 , 2648.21 
 546 , 2647.48 
 547 , 2648.8 
 548 , 2652.32 
 549 , 2662.67 
 550 , 2684.11 
 551 , 2710.75 
 552 , 2732.14 
 553 , 2744.27 
 554 , 2750.7 
 555 , 2754.14 
 556 , 2751.82 
 557 , 2740.36 
 558 , 2723.95 
 559 , 2710.2 
 560 , 2701.73 
 561 , 2695.6 
 562 , 2690.54 
 563 , 2690.59 
 564 , 2699.26 
 565 , 2712.16 
 566 , 2722.59 
 567 , 2729.09 
 568 , 2734.24 
 569 , 2738.76 
 570 , 2739.56 
 571 , 2734.37 
 572 , 2726.93 
 573 , 2722.28 
 574 , 2719.7 
 575 , 2714.55 
 576 , 2705.21 
 577 , 2695.78 
 578 , 2689.57 
 579 , 2681.87 
 580 , 2666.08 
 581 , 2643.31 
 582 , 2619.86 
 583 , 2599.32 
 584 , 2579.97 
 585 , 2560.74 
 586 , 2546.96 
 587 , 2544.82 
 588 , 2552.01 
 589 , 2561.72 
 590 , 2568.6 
 591 , 2570.19 
 592 , 2566.86 
 593 , 2562.95 
 594 , 2562.15 
 595 , 2564.86 
 596 , 2570.79 
 597 , 2580.36 
 598 , 2594 
 599 , 2609.8 
 600 , 2622.79 
 601 , 2629.49 
 602 , 2631.97 
 603 , 2633.23 
 604 , 2633.86 
 605 , 2633.12 
 606 , 2630.61 
 607 , 2626.65 
 608 , 2622.21 
 609 , 2619.37 
 610 , 2619.95 
 611 , 2623.92 
 612 , 2630.58 
 613 , 2640.01 
 614 , 2652.73 
 615 , 2667.53 
 616 , 2680.27 
 617 , 2687.51 
 618 , 2690.83 
 619 , 2693.21 
 620 , 2694.58 
 621 , 2692.56 
 622 , 2686.29 
 623 , 2677.57 
 624 , 2668 
 625 , 2657.85 
 626 , 2647.43 
 627 , 2638.53 
 628 , 2633.4 
 629 , 2631.86 
 630 , 2631.44 
 631 , 2630.52 
 632 , 2628.78 
 633 , 2625.85 
 634 , 2621.08 
 635 , 2614.13 
 636 , 2607.57 
 637 , 2606.07 
 638 , 2611.56 
 639 , 2621.13 
 640 , 2632.47 
 641 , 2648.12 
 642 , 2671.55 
 643 , 2702.91 
 644 , 2740.25 
 645 , 2780.71 
 646 , 2820.52 
 647 , 2855.43 
 648 , 2879.82 
 649 , 2888.5 
 650 , 2880.67 
 651 , 2857.57 
 652 , 2823.98 
 653 , 2787.4 
 654 , 2753.87 
 655 , 2726.98 
 656 , 2708.92 
 657 , 2696.9 
 658 , 2687 
 659 , 2677.28 
 660 , 2666.92 
 661 , 2655.26 
 662 , 2641.8 
 663 , 2627.22 
 664 , 2614.81 
 665 , 2607.64 
 666 , 2605.39 
 667 , 2606.66 
 668 , 2610.12 
 669 , 2614.5 
 670 , 2619.27 
 671 , 2625.03 
 672 , 2631.7 
 673 , 2636.55 
 674 , 2636.74 
 675 , 2631.97 
 676 , 2623.1 
 677 , 2610.88 
 678 , 2596.13 
 679 , 2580.87 
 680 , 2569.35 
 681 , 2564.47 
 682 , 2562.05 
 683 , 2556.46 
 684 , 2548.15 
 685 , 2541.26 
 686 , 2538.1 
 687 , 2538.52 
 688 , 2542.7 
 689 , 2552.14 
 690 , 2567.46 
 691 , 2582.76 
 692 , 2590.11 
 693 , 2587.88 
 694 , 2579.28 
 695 , 2567.54 
 696 , 2555.62 
 697 , 2546.35 
 698 , 2542.08 
 699 , 2544.57 
 700 , 2551.5 
 701 , 2558.82 
 702 , 2563.97 
 703 , 2565.86 
 704 , 2564.43 
 705 , 2561.44 
 706 , 2559.19 
 707 , 2561.09 
 708 , 2570.32 
 709 , 2585.4 
 710 , 2602.39 
 711 , 2619.21 
 712 , 2635.75 
 713 , 2651.44 
 714 , 2664.51 
 715 , 2673.77 
 716 , 2681.6 
 717 , 2690.98 
 718 , 2700.44 
 719 , 2705.8 
 720 , 2705.36 
 721 , 2700.47 
 722 , 2693.48 
 723 , 2688.69 
 724 , 2689.69 
 725 , 2695.14 
 726 , 2702.05 
 727 , 2706.5 
 728 , 2703.81 
 729 , 2692.8 
 730 , 2677.39 
 731 , 2660.89 
 732 , 2643.47 
 733 , 2625.06 
 734 , 2608.63 
 735 , 2598.15 
 736 , 2593.76 
 737 , 2592.59 
 738 , 2592.81 
 739 , 2594.22 
 740 , 2596.62 
 741 , 2599.25 
 742 , 2601.13 
 743 , 2600.57 
 744 , 2596 
 745 , 2591.77 
 746 , 2596.59 
 747 , 2611.15 
 748 , 2624.4 
 749 , 2628.85 
 750 , 2629.68 
 751 , 2632.54 
 752 , 2632.36 
 753 , 2621.01 
 754 , 2603.09 
 755 , 2592.37 
 756 , 2593.17 
 757 , 2596.04 
 758 , 2594.42 
 759 , 2592.73 
 760 , 2596.01 
 761 , 2601.95 
 762 , 2606.01 
 763 , 2608.25 
 764 , 2611.86 
 765 , 2617.32 
 766 , 2621.78 
 767 , 2623.96 
 768 , 2626.21 
 769 , 2630.45 
 770 , 2634.95 
 771 , 2637.65 
 772 , 2639.38 
 773 , 2641.95 
 774 , 2646.06 
 775 , 2652.36 
 776 , 2660.81 
 777 , 2668.15 
 778 , 2671 
 779 , 2670.8 
 780 , 2670.76 
 781 , 2671.15 
 782 , 2670.09 
 783 , 2668.63 
 784 , 2671.52 
 785 , 2681.08 
 786 , 2693.82 
 787 , 2705.65 
 788 , 2713.34 
 789 , 2714.5 
 790 , 2711.92 
 791 , 2710.68 
 792 , 2710.63 
 793 , 2706.65 
 794 , 2697.7 
 795 , 2690.25 
 796 , 2688.14 
 797 , 2683.95 
 798 , 2670.46 
 799 , 2657.89 
 800 , 2662.65 
 801 , 2682.38 
 802 , 2699.77 
 803 , 2707.07 
 804 , 2711.54 
 805 , 2716.61 
 806 , 2711.43 
 807 , 2686.61 
 808 , 2655.26 
 809 , 2637.08 
 810 , 2636.66 
 811 , 2648.57 
 812 , 2667.82 
 813 , 2690.23 
 814 , 2710 
 815 , 2717.98 
 816 , 2709.03 
 817 , 2696.22 
 818 , 2695.67 
 819 , 2710.76 
 820 , 2738.35 
 821 , 2771.23 
 822 , 2798.49 
 823 , 2811.82 
 824 , 2807.47 
 825 , 2784.65 
 826 , 2750.24 
 827 , 2713.17 
 828 , 2685.5 
 829 , 2679.09 
 830 , 2689.5 
 831 , 2701.23 
 832 , 2705.47 
 833 , 2702.41 
 834 , 2693.65 
 835 , 2682.12 
 836 , 2670.07 
 837 , 2657.59 
 838 , 2644.8 
 839 , 2634.02 
 840 , 2627.94 
 841 , 2625.74 
 842 , 2624.05 
 843 , 2621.96 
 844 , 2622.17 
 845 , 2626.54 
 846 , 2633.87 
 847 , 2642.57 
 848 , 2651.97 
 849 , 2661.66 
 850 , 2670.96 
 851 , 2678.89 
 852 , 2684.23 
 853 , 2685.83 
 854 , 2683.46 
 855 , 2678.24 
 856 , 2671.61 
 857 , 2666.14 
 858 , 2664.22 
 859 , 2664.13 
 860 , 2662.58 
 861 , 2660.61 
 862 , 2662.71 
 863 , 2668.78 
 864 , 2672.5 
 865 , 2670.67 
 866 , 2668.53 
 867 , 2670.53 
 868 , 2672.52 
 869 , 2668.65 
 870 , 2660 
 871 , 2651.12 
 872 , 2645.18 
 873 , 2644.05 
 874 , 2646.71 
 875 , 2648.32 
 876 , 2646.58 
 877 , 2645.74 
 878 , 2649.12 
 879 , 2651.82 
 880 , 2647.71 
 881 , 2639.8 
 882 , 2635.38 
 883 , 2634.92 
 884 , 2633.07 
 885 , 2627.97 
 886 , 2623.04 
 887 , 2620.72 
 888 , 2620.25 
 889 , 2620.64 
 890 , 2622.1 
 891 , 2625.2 
 892 , 2629.69 
 893 , 2634.77 
 894 , 2641.28 
 895 , 2651.73 
 896 , 2667.04 
 897 , 2685.31 
 898 , 2704.67 
 899 , 2724.63 
 900 , 2744.49 
 901 , 2760.37 
 902 , 2767.84 
 903 , 2767.29 
 904 , 2761.62 
 905 , 2752.82 
 906 , 2741.77 
 907 , 2730.46 
 908 , 2722.82 
 909 , 2721.38 
 910 , 2724.33 
 911 , 2728.93 
 912 , 2732.87 
 913 , 2734.55 
 914 , 2732.9 
 915 , 2726.67 
 916 , 2717.9 
 917 , 2711.42 
 918 , 2707.81 
 919 , 2701.99 
 920 , 2691.91 
 921 , 2682.54 
 922 , 2677.68 
 923 , 2673.74 
 924 , 2666.49 
 925 , 2658.12 
 926 , 2652.82 
 927 , 2648.77 
 928 , 2640.56 
 929 , 2629.35 
 930 , 2623.29 
 931 , 2625.91 
 932 , 2632.19 
 933 , 2638.12 
 934 , 2645.62 
 935 , 2656.31 
 936 , 2664.13 
 937 , 2662 
 938 , 2654.71 
 939 , 2652.39 
 940 , 2656 
 941 , 2659.17 
 942 , 2659.82 
 943 , 2661.84 
 944 , 2667.64 
 945 , 2675.79 
 946 , 2685.03 
 947 , 2695.89 
 948 , 2708.94 
 949 , 2723.78 
 950 , 2739.63 
 951 , 2753.82 
 952 , 2762.61 
 953 , 2767.35 
 954 , 2774.38 
 955 , 2785.82 
 956 , 2796.69 
 957 , 2802.08 
 958 , 2799.32 
 959 , 2787.05 
 960 , 2767.03 
 961 , 2741.85 
 962 , 2714.66 
 963 , 2688.79 
 964 , 2667.78 
 965 , 2655.35 
 966 , 2650.28 
 967 , 2645.82 
 968 , 2638.65 
 969 , 2632.03 
 970 , 2628.49 
 971 , 2626.55 
 972 , 2624.7 
 973 , 2624.59 
 974 , 2628.15 
 975 , 2633.76 
 976 , 2638.66 
 977 , 2643.03 
 978 , 2648.68 
 979 , 2655.59 
 980 , 2661.96 
 981 , 2667.04 
 982 , 2671.58 
 983 , 2676.43 
 984 , 2682.6 
 985 , 2690.9 
 986 , 2701.04 
 987 , 2711.88 
 988 , 2719.11 
 989 , 2717.41 
 990 , 2708.13 
 991 , 2697.2 
 992 , 2688.66 
 993 , 2684.52 
 994 , 2686.14 
 995 , 2693.67 
 996 , 2705.53 
 997 , 2716.35 
 998 , 2721.48 
 999 , 2721.23 
 1000 , 2717.34 
 1001 , 2712.41 
 1002 , 2709.03 
 1003 , 2707.62 
 1004 , 2707.42 
 1005 , 2706.46 
 1006 , 2701.27 
 1007 , 2691.37 
 1008 , 2681.38 
 1009 , 2675 
 1010 , 2672.12 
 1011 , 2671.71 
 1012 , 2672.38 
 1013 , 2672.99 
 1014 , 2672.35 
 1015 , 2668.93 
 1016 , 2661.88 
 1017 , 2651.35 
 1018 , 2640.81 
 1019 , 2635.89 
 1020 , 2637.84 
 1021 , 2642.78 
 1022 , 2650.26 
 1023 , 2666.42 
 1024 , 2692.41 
 1025 , 2713.71 
 1026 , 2717.86 
 1027 , 2712.75 
 1028 , 2709.67 
 1029 , 2706.15 
 1030 , 2695.56 
 1031 , 2684.64 
 1032 , 2687.29 
 1033 , 2703.1 
 1034 , 2719.33 
 1035 , 2731.71 
 1036 , 2746.7 
 1037 , 2765.91 
 1038 , 2781.46 
 1039 , 2788.02 
 1040 , 2789.12 
 1041 , 2788.1 
 1042 , 2782.56 
 1043 , 2769.74 
 1044 , 2753.26 
 1045 , 2738.76 
 1046 , 2728.08 
 1047 , 2720.99 
 1048 , 2715.6 
 1049 , 2708.17 
 1050 , 2698.52 
 1051 , 2691.55 
 1052 , 2689.83 
 1053 , 2690.56 
 1054 , 2691.03 
 1055 , 2690.69 
 1056 , 2689.12 
 1057 , 2684.7 
 1058 , 2676.08 
 1059 , 2664.5 
 1060 , 2652.03 
 1061 , 2641.02 
 1062 , 2634.2 
 1063 , 2631.85 
 1064 , 2631.78 
 1065 , 2632.57 
 1066 , 2634.25 
 1067 , 2636.25 
 1068 , 2636.05 
 1069 , 2632.08 
 1070 , 2626.38 
 1071 , 2621.74 
 1072 , 2620.55 
 1073 , 2624.35 
 1074 , 2632.07 
 1075 , 2641.94 
 1076 , 2652.33 
 1077 , 2661.34 
 1078 , 2666.72 
 1079 , 2666.42 
 1080 , 2663.19 
 1081 , 2664.31 
 1082 , 2672.18 
 1083 , 2682.22 
 1084 , 2691.59 
 1085 , 2701.79 
 1086 , 2713.71 
 1087 , 2725.48 
 1088 , 2735.33 
 1089 , 2743.11 
 1090 , 2748.89 
 1091 , 2753.04 
 1092 , 2756.25 
 1093 , 2758.41 
 1094 , 2758.7 
 1095 , 2757.29 
 1096 , 2755.41 
 1097 , 2753.59 
 1098 , 2751.26 
 1099 , 2747.95 
 1100 , 2743.76 
 1101 , 2739.21 
 1102 , 2735.07 
 1103 , 2731.49 
 1104 , 2727.33 
 1105 , 2721.64 
 1106 , 2714.72 
 1107 , 2707.65 
 1108 , 2704.9 
 1109 , 2711.41 
 1110 , 2724.9 
 1111 , 2739.68 
 1112 , 2752.89 
 1113 , 2763.61 
 1114 , 2770.65 
 1115 , 2772.85 
 1116 , 2770.64 
 1117 , 2766.15 
 1118 , 2761.15 
 1119 , 2757.02 
 1120 , 2754.41 
 1121 , 2751.89 
 1122 , 2748.37 
 1123 , 2745.29 
 1124 , 2744.29 
 1125 , 2745 
 1126 , 2746.49 
 1127 , 2748.21 
 1128 , 2749.74 
 1129 , 2750.16 
 1130 , 2748.34 
 1131 , 2743.9 
 1132 , 2737.06 
 1133 , 2730.88 
 1134 , 2731.09 
 1135 , 2738.7 
 1136 , 2748.5 
 1137 , 2757.54 
 1138 , 2767.7 
 1139 , 2778.95 
 1140 , 2785.72 
 1141 , 2785.19 
 1142 , 2785.84 
 1143 , 2795.31 
 1144 , 2808.08 
 1145 , 2816.81 
 1146 , 2824.4 
 1147 , 2836.47 
 1148 , 2850.73 
 1149 , 2861.89 
 1150 , 2873.76 
 1151 , 2895.35 
 1152 , 2925.53 
 1153 , 2954.85 
 1154 , 2981.11 
 1155 , 3010.31 
 1156 , 3043.79 
 1157 , 3075.7 
 1158 , 3104.06 
 1159 , 3135.27 
 1160 , 3172.38 
 1161 , 3207.78 
 1162 , 3234.71 
 1163 , 3254.84 
 1164 , 3271.42 
 1165 , 3286.92 
 1166 , 3302.8 
 1167 , 3315.24 
 1168 , 3318.68 
 1169 , 3310.23 
 1170 , 3288.2 
 1171 , 3248.94 
 1172 , 3188.19 
 1173 , 3112.92 
 1174 , 3038.96 
 1175 , 2973.96 
 1176 , 2916.87 
 1177 , 2868.9 
 1178 , 2834.71 
 1179 , 2814.53 
 1180 , 2800.6 
 1181 , 2788.7 
 1182 , 2783.95 
 1183 , 2788.75 
 1184 , 2794.19 
 1185 , 2793.07 
 1186 , 2791.87 
 1187 , 2797.54 
 1188 , 2804.23 
 1189 , 2803.59 
 1190 , 2795.91 
 1191 , 2784.44 
 1192 , 2768.93 
 1193 , 2747.87 
 1194 , 2724.57 
 1195 , 2705.16 
 1196 , 2692.85 
 1197 , 2688.53 
 1198 , 2692.81 
 1199 , 2705.91 
 1200 , 2724.44 
 1201 , 2740.82 
 1202 , 2752.74 
 1203 , 2766.26 
 1204 , 2781.67 
 1205 , 2786.92 
 1206 , 2776.2 
 1207 , 2761.77 
 1208 , 2753.12 
 1209 , 2743.62 
 1210 , 2727.6 
 1211 , 2714.44 
 1212 , 2714.26 
 1213 , 2723.92 
 1214 , 2736.87 
 1215 , 2749.82 
 1216 , 2760.73 
 1217 , 2768.76 
 1218 , 2773.72 
 1219 , 2776.1 
 1220 , 2776.64 
 1221 , 2775.06 
 1222 , 2770.36 
 1223 , 2763.67 
 1224 , 2757.95 
 1225 , 2754.6 
 1226 , 2753.18 
 1227 , 2755.14 
 1228 , 2764.48 
 1229 , 2781.88 
 1230 , 2802.47 
 1231 , 2822.21 
 1232 , 2839.63 
 1233 , 2854.44 
 1234 , 2868.56 
 1235 , 2883.4 
 1236 , 2897.88 
 1237 , 2910.25 
 1238 , 2918.36 
 1239 , 2920.59 
 1240 , 2917.35 
 1241 , 2909.04 
 1242 , 2894.07 
 1243 , 2871.47 
 1244 , 2846.95 
 1245 , 2827.95 
 1246 , 2816.84 
 1247 , 2813.7 
 1248 , 2817.29 
 1249 , 2825.17 
 1250 , 2833.02 
 1251 , 2835.78 
 1252 , 2832.87 
 1253 , 2826.81 
 1254 , 2818.1 
 1255 , 2805.76 
 1256 , 2793.4 
 1257 , 2789.25 
 1258 , 2794.71 
 1259 , 2802.13 
 1260 , 2808.83 
 1261 , 2820.59 
 1262 , 2836.92 
 1263 , 2844.34 
 1264 , 2836.48 
 1265 , 2825.47 
 1266 , 2820.4 
 1267 , 2816.08 
 1268 , 2808.87 
 1269 , 2807.11 
 1270 , 2816.91 
 1271 , 2828 
 1272 , 2829.53 
 1273 , 2823.93 
 1274 , 2816.3 
 1275 , 2807.41 
 1276 , 2797.15 
 1277 , 2787.93 
 1278 , 2782.76 
 1279 , 2783.17 
 1280 , 2789.65 
 1281 , 2799.46 
 1282 , 2808.66 
 1283 , 2817.17 
 1284 , 2826.39 
 1285 , 2831.37 
 1286 , 2824.06 
 1287 , 2808.2 
 1288 , 2795.47 
 1289 , 2788.73 
 1290 , 2784.08 
 1291 , 2782.5 
 1292 , 2789.13 
 1293 , 2802.04 
 1294 , 2811.88 
 1295 , 2813.74 
 1296 , 2808.52 
 1297 , 2800.2 
 1298 , 2796.28 
 1299 , 2799.15 
 1300 , 2803.14 
 1301 , 2805.38 
 1302 , 2808.69 
 1303 , 2812.91 
 1304 , 2811.58 
 1305 , 2803.16 
 1306 , 2798.17 
 1307 , 2803.27 
 1308 , 2811.83 
 1309 , 2819.41 
 1310 , 2832.97 
 1311 , 2856.47 
 1312 , 2878.24 
 1313 , 2889.4 
 1314 , 2901.73 
 1315 , 2925.73 
 1316 , 2948.21 
 1317 , 2954.88 
 1318 , 2952.75 
 1319 , 2951.94 
 1320 , 2947.38 
 1321 , 2932.98 
 1322 , 2924.38 
 1323 , 2940.03 
 1324 , 2967.37 
 1325 , 2985.19 
 1326 , 2996.82 
 1327 , 3013.65 
 1328 , 3025.76 
 1329 , 3016.1 
 1330 , 2996.06 
 1331 , 2989.28 
 1332 , 2992.13 
 1333 , 2987.49 
 1334 , 2983.87 
 1335 , 3003.61 
 1336 , 3038.38 
 1337 , 3060.21 
 1338 , 3062.35 
 1339 , 3053.79 
 1340 , 3033.35 
 1341 , 2991.66 
 1342 , 2935.01 
 1343 , 2883.57 
 1344 , 2848.37 
 1345 , 2830.77 
 1346 , 2826.98 
 1347 , 2829.37 
 1348 , 2833.25 
 1349 , 2836.52 
 1350 , 2836.01 
 1351 , 2827.99 
 1352 , 2815.44 
 1353 , 2808.86 
 1354 , 2811.68 
 1355 , 2818.19 
 1356 , 2824.31 
 1357 , 2828.76 
 1358 , 2831.03 
 1359 , 2831.13 
 1360 , 2829.2 
 1361 , 2826.08 
 1362 , 2823.92 
 1363 , 2826.27 
 1364 , 2833.44 
 1365 , 2840.88 
 1366 , 2846.42 
 1367 , 2852.14 
 1368 , 2859.98 
 1369 , 2871.52 
 1370 , 2886.56 
 1371 , 2900.9 
 1372 , 2912.4 
 1373 , 2924.5 
 1374 , 2937.96 
 1375 , 2946.03 
 1376 , 2944.32 
 1377 , 2936.39 
 1378 , 2925.78 
 1379 , 2912.77 
 1380 , 2897.58 
 1381 , 2882.14 
 1382 , 2867.99 
 1383 , 2854.43 
 1384 , 2840.97 
 1385 , 2828.94 
 1386 , 2818.44 
 1387 , 2805.27 
 1388 , 2786.22 
 1389 , 2762.75 
 1390 , 2739.12 
 1391 , 2725.79 
 1392 , 2729.87 
 1393 , 2744.81 
 1394 , 2762.67 
 1395 , 2779.32 
 1396 , 2790.68 
 1397 , 2790.14 
 1398 , 2775.31 
 1399 , 2758.78 
 1400 , 2752.58 
 1401 , 2757.69 
 1402 , 2772.08 
 1403 , 2790.42 
 1404 , 2807 
 1405 , 2817.56 
 1406 , 2820.08 
 1407 , 2818.21 
 1408 , 2816.72 
 1409 , 2821.19 
 1410 , 2835.1 
 1411 , 2853.51 
 1412 , 2871.03 
 1413 , 2886.71 
 1414 , 2899.67 
 1415 , 2905.89 
 1416 , 2903.13 
 1417 , 2897.78 
 1418 , 2895.21 
 1419 , 2891.68 
 1420 , 2884.33 
 1421 , 2879.48 
 1422 , 2882.92 
 1423 , 2892.27 
 1424 , 2907.29 
 1425 , 2940.12 
 1426 , 2994.33 
 1427 , 3039.55 
 1428 , 3057.45 
 1429 , 3085.62 
 1430 , 3148.21 
 1431 , 3198.91 
 1432 , 3203.63 
 1433 , 3200.32 
 1434 , 3216.65 
 1435 , 3215.42 
 1436 , 3171 
 1437 , 3119.81 
 1438 , 3092.83 
 1439 , 3079.53 
 1440 , 3067.87 
 1441 , 3058.97 
 1442 , 3054.7 
 1443 , 3053.65 
 1444 , 3054.05 
 1445 , 3054.39 
 1446 , 3054.48 
 1447 , 3056.87 
 1448 , 3063.98 
 1449 , 3077.44 
 1450 , 3096.25 
 1451 , 3113.56 
 1452 , 3125.17 
 1453 , 3134.51 
 1454 , 3144.11 
 1455 , 3152.42 
 1456 , 3158.67 
 1457 , 3164.54 
 1458 , 3170.98 
 1459 , 3177.07 
 1460 , 3181.11 
 1461 , 3180.24 
 1462 , 3174.67 
 1463 , 3169.97 
 1464 , 3167.85 
 1465 , 3163.26 
 1466 , 3153.76 
 1467 , 3142.01 
 1468 , 3130.88 
 1469 , 3122.27 
 1470 , 3117.32 
 1471 , 3116.57 
 1472 , 3118.71 
 1473 , 3120.62 
 1474 , 3120.24 
 1475 , 3116.18 
 1476 , 3109.38 
 1477 , 3104.22 
 1478 , 3103.16 
 1479 , 3105.27 
 1480 , 3109.64 
 1481 , 3117.16 
 1482 , 3127.38 
 1483 , 3137.14 
 1484 , 3144.34 
 1485 , 3149.02 
 1486 , 3151.22 
 1487 , 3149.8 
 1488 , 3144.44 
 1489 , 3136.44 
 1490 , 3127.56 
 1491 , 3119.17 
 1492 , 3113.98 
 1493 , 3114.95 
 1494 , 3117.12 
 1495 , 3112.59 
 1496 , 3104.4 
 1497 , 3099.34 
 1498 , 3093.52 
 1499 , 3079.72 
 1500 , 3059.82 
 1501 , 3039.44 
 1502 , 3024.05 
 1503 , 3017.6 
 1504 , 3019.09 
 1505 , 3026.32 
 1506 , 3037 
 1507 , 3049.83 
 1508 , 3068.43 
 1509 , 3093.63 
 1510 , 3111.87 
 1511 , 3112.53 
 1512 , 3103.82 
 1513 , 3092.24 
 1514 , 3069.25 
 1515 , 3031.58 
 1516 , 2995.33 
 1517 , 2971.59 
 1518 , 2953.81 
 1519 , 2934.38 
 1520 , 2908.92 
 1521 , 2877.41 
 1522 , 2845.58 
 1523 , 2815.53 
 1524 , 2784.11 
 1525 , 2754.68 
 1526 , 2738.82 
 1527 , 2735.82 
 1528 , 2730.87 
 1529 , 2722.46 
 1530 , 2722.44 
 1531 , 2731.44 
 1532 , 2740.29 
 1533 , 2748.12 
 1534 , 2760.1 
 1535 , 2772.94 
 1536 , 2778.26 
 1537 , 2774.8 
 1538 , 2765.44 
 1539 , 2752.93 
 1540 , 2739.88 
 1541 , 2728.07 
 1542 , 2718.65 
 1543 , 2710.83 
 1544 , 2704.53 
 1545 , 2707.04 
 1546 , 2724.54 
 1547 , 2746.71 
 1548 , 2762.69 
 1549 , 2777.88 
 1550 , 2797.23 
 1551 , 2811.65 
 1552 , 2815.24 
 1553 , 2818.5 
 1554 , 2826.41 
 1555 , 2824.79 
 1556 , 2806.51 
 1557 , 2783.88 
 1558 , 2768.11 
 1559 , 2764.53 
 1560 , 2774.18 
 1561 , 2792.69 
 1562 , 2814.41 
 1563 , 2832.51 
 1564 , 2842.71 
 1565 , 2844.03 
 1566 , 2842.69 
 1567 , 2850.3 
 1568 , 2867.19 
 1569 , 2885.5 
 1570 , 2902.24 
 1571 , 2917.08 
 1572 , 2924.42 
 1573 , 2918.42 
 1574 , 2912.93 
 1575 , 2926.93 
 1576 , 2956.81 
 1577 , 2991.91 
 1578 , 3028.04 
 1579 , 3060.76 
 1580 , 3076.65 
 1581 , 3065.88 
 1582 , 3037.69 
 1583 , 3006.09 
 1584 , 2987.3 
 1585 , 2989.94 
 1586 , 3005.84 
 1587 , 3028.48 
 1588 , 3057.85 
 1589 , 3091.2 
 1590 , 3120.94 
 1591 , 3141.87 
 1592 , 3152.07 
 1593 , 3149.22 
 1594 , 3130.87 
 1595 , 3102.23 
 1596 , 3074.56 
 1597 , 3057.61 
 1598 , 3058.5 
 1599 , 3070.1 
 1600 , 3078.11 
 1601 , 3072.03 
 1602 , 3045.15 
 1603 , 3003.09 
 1604 , 2956.87 
 1605 , 2922.15 
 1606 , 2909.68 
 1607 , 2908.49 
 1608 , 2903.68 
 1609 , 2882.3 
 1610 , 2839.81 
 1611 , 2789.19 
 1612 , 2742.42 
 1613 , 2705.71 
 1614 , 2685.8 
 1615 , 2690.56 
 1616 , 2714.85 
 1617 , 2739.52 
 1618 , 2762.08 
 1619 , 2794.65 
 1620 , 2834.01 
 1621 , 2866.27 
 1622 , 2886.93 
 1623 , 2896.91 
 1624 , 2894.52 
 1625 , 2877.76 
 1626 , 2851.76 
 1627 , 2824.2 
 1628 , 2801.58 
 1629 , 2786.58 
 1630 , 2771.27 
 1631 , 2750.11 
 1632 , 2728.42 
 1633 , 2707.52 
 1634 , 2678.44 
 1635 , 2638.78 
 1636 , 2597.14 
 1637 , 2557.13 
 1638 , 2516.4 
 1639 , 2483.45 
 1640 , 2474.75 
 1641 , 2478.34 
 1642 , 2465.6 
 1643 , 2445.02 
 1644 , 2440.86 
 1645 , 2441.43 
 1646 , 2427.06 
 1647 , 2416.66 
 1648 , 2431.78 
 1649 , 2455.26 
 1650 , 2466.18 
 1651 , 2460.48 
 1652 , 2441.5 
 1653 , 2421.63 
 1654 , 2409.2 
 1655 , 2403.98 
 1656 , 2404.84 
 1657 , 2410.41 
 1658 , 2418.05 
 1659 , 2424 
 1660 , 2426.39 
 1661 , 2424.84 
 1662 , 2419.1 
 1663 , 2409.67 
 1664 , 2401.97 
 1665 , 2401.51 
 1666 , 2404.73 
 1667 , 2409.29 
 1668 , 2424.4 
 1669 , 2452.36 
 1670 , 2473.94 
 1671 , 2478.37 
 1672 , 2475.13 
 1673 , 2471.27 
 1674 , 2469.43 
 1675 , 2472.95 
 1676 , 2483.71 
 1677 , 2491.79 
 1678 , 2480.83 
 1679 , 2458.65 
 1680 , 2445.68 
 1681 , 2446.7 
 1682 , 2459.01 
 1683 , 2480.49 
 1684 , 2508.18 
 1685 , 2531.81 
 1686 , 2541.15 
 1687 , 2533.94 
 1688 , 2513.75 
 1689 , 2490.53 
 1690 , 2469.3 
 1691 , 2448.34 
 1692 , 2431.76 
 1693 , 2428.69 
 1694 , 2437.8 
 1695 , 2450.47 
 1696 , 2461.03 
 1697 , 2465.43 
 1698 , 2460.44 
 1699 , 2444.38 
 1700 , 2420.18 
 1701 , 2392.19 
 1702 , 2366.81 
 1703 , 2347.32 
 1704 , 2328.49 
 1705 , 2308.62 
 1706 , 2293.15 
 1707 , 2282.79 
 1708 , 2272.98 
 1709 , 2263.33 
 1710 , 2256.66 
 1711 , 2255.82 
 1712 , 2262.9 
 1713 , 2271.65 
 1714 , 2273.72 
 1715 , 2268.9 
 1716 , 2258.56 
 1717 , 2242.44 
 1718 , 2222.28 
 1719 , 2203.01 
 1720 , 2188.2 
 1721 , 2181 
 1722 , 2185.76 
 1723 , 2204.42 
 1724 , 2222.12 
 1725 , 2216.47 
 1726 , 2192.7 
 1727 , 2167.43 
 1728 , 2145.07 
 1729 , 2127.26 
 1730 , 2118.74 
 1731 , 2121.44 
 1732 , 2129.04 
 1733 , 2133.34 
 1734 , 2125.25 
 1735 , 2111.78 
 1736 , 2119.44 
 1737 , 2143.85 
 1738 , 2153.49 
 1739 , 2148.33 
 1740 , 2146.32 
 1741 , 2143.07 
 1742 , 2129.51 
 1743 , 2120.72 
 1744 , 2129.14 
 1745 , 2139.65 
 1746 , 2141.94 
 1747 , 2143.45 
 1748 , 2146.92 
 1749 , 2148.47 
 1750 , 2145.29 
 1751 , 2134.61 
 1752 , 2123.08 
 1753 , 2121.93 
 1754 , 2117.11 
 1755 , 2090.73 
 1756 , 2065.81 
 1757 , 2064.45 
 1758 , 2065.86 
 1759 , 2058.26 
 1760 , 2067.11 
 1761 , 2098.87 
 1762 , 2126.52 
 1763 , 2145.22 
 1764 , 2172.19 
 1765 , 2198.89 
 1766 , 2203.68 
 1767 , 2193.9 
 1768 , 2184.33 
 1769 , 2169.02 
 1770 , 2144.01 
 1771 , 2123.4 
 1772 , 2113.68 
 1773 , 2105.6 
 1774 , 2097.04 
 1775 , 2093.73 
 1776 , 2096.24 
 1777 , 2101.65 
 1778 , 2105.59 
 1779 , 2103.12 
 1780 , 2095.23 
 1781 , 2084.85 
 1782 , 2071.75 
 1783 , 2056.68 
 1784 , 2044.61 
 1785 , 2039.84 
 1786 , 2044.23 
 1787 , 2056.11 
 1788 , 2071.17 
 1789 , 2086.7 
 1790 , 2099.81 
 1791 , 2102.44 
 1792 , 2090.61 
 1793 , 2083.27 
 1794 , 2095.11 
 1795 , 2116.25 
 1796 , 2136.52 
 1797 , 2151.3 
 1798 , 2160.27 
 1799 , 2167.01 
 1800 , 2168.93 
 1801 , 2160.11 
 1802 , 2143.32 
 1803 , 2124.1 
 1804 , 2103.56 
 1805 , 2082.43 
 1806 , 2063.8 
 1807 , 2055.74 
 1808 , 2072.47 
 1809 , 2101.55 
 1810 , 2104.89 
 1811 , 2088.3 
 1812 , 2082.77 
 1813 , 2077.83 
 1814 , 2055.98 
 1815 , 2046.5 
 1816 , 2070.48 
 1817 , 2097.32 
 1818 , 2110.54 
 1819 , 2128.14 
 1820 , 2149.95 
 1821 , 2156.57 
 1822 , 2153.2 
 1823 , 2157.48 
 1824 , 2162.25 
 1825 , 2154.93 
 1826 , 2140.34 
 1827 , 2124.84 
 1828 , 2108.29 
 1829 , 2095.06 
 1830 , 2096.82 
 1831 , 2109.54 
 1832 , 2115.36 
 1833 , 2106.65 
 1834 , 2082.91 
 1835 , 2047.95 
 1836 , 2009.26 
 1837 , 1981.35 
 1838 , 1972.85 
 1839 , 1979.54 
 1840 , 1992.94 
 1841 , 2001.39 
 1842 , 2006.1 
 1843 , 2017.27 
 1844 , 2036.81 
 1845 , 2062.23 
 1846 , 2091.25 
 1847 , 2118.76 
 1848 , 2131.03 
 1849 , 2125.27 
 1850 , 2117.22 
 1851 , 2117.76 
 1852 , 2130.45 
 1853 , 2150.54 
 1854 , 2170.54 
 1855 , 2186.13 
 1856 , 2189.77 
 1857 , 2164.61 
 1858 , 2114.33 
 1859 , 2077.37 
 1860 , 2063.5 
 1861 , 2052.96 
 1862 , 2050.34 
 1863 , 2070.54 
 1864 , 2097.79 
 1865 , 2115.19 
 1866 , 2138.89 
 1867 , 2176.97 
 1868 , 2209.52 
 1869 , 2224.3 
 1870 , 2221.4 
 1871 , 2203.38 
 1872 , 2174.23 
 1873 , 2143.96 
 1874 , 2122.36 
 1875 , 2110.09 
 1876 , 2102.64 
 1877 , 2088.91 
 1878 , 2070.91 
 1879 , 2064.29 
 1880 , 2067.62 
 1881 , 2070.03 
 1882 , 2070.5 
 1883 , 2068.36 
 1884 , 2055.58 
 1885 , 2036.09 
 1886 , 2034.39 
 1887 , 2055.4 
 1888 , 2083.5 
 1889 , 2112.9 
 1890 , 2142.17 
 1891 , 2162.61 
 1892 , 2169.58 
 1893 , 2175.88 
 1894 , 2188.54 
 1895 , 2200.03 
 1896 , 2206.62 
 1897 , 2209.66 
 1898 , 2208.34 
 1899 , 2201.34 
 1900 , 2191.69 
 1901 , 2180.67 
 1902 , 2160.09 
 1903 , 2128.01 
 1904 , 2095.04 
 1905 , 2065.64 
 1906 , 2037.81 
 1907 , 2013.11 
 1908 , 1993.96 
 1909 , 1977.83 
 1910 , 1962.54 
 1911 , 1949.79 
 1912 , 1947.39 
 1913 , 1969.19 
 1914 , 2008.34 
 1915 , 2043.78 
 1916 , 2063.98 
 1917 , 2063.42 
 1918 , 2042.97 
 1919 , 2007.35 
 1920 , 1966.04 
 1921 , 1932.55 
 1922 , 1922.19 
 1923 , 1931.7 
 1924 , 1949.06 
 1925 , 1972.46 
 1926 , 2001.72 
 1927 , 2032.78 
 1928 , 2061.97 
 1929 , 2086.49 
 1930 , 2097.87 
 1931 , 2086.41 
 1932 , 2063.93 
 1933 , 2045.43 
 1934 , 2025.74 
 1935 , 2007.66 
 1936 , 2014.89 
 1937 , 2042.16 
 1938 , 2056.74 
 1939 , 2060.2 
 1940 , 2068.1 
 1941 , 2070.39 
 1942 , 2060.19 
 1943 , 2055.78 
 1944 , 2059.87 
 1945 , 2051.83 
 1946 , 2033.65 
 1947 , 2021.04 
 1948 , 2006.27 
 1949 , 1980.73 
 1950 , 1959.64 
 1951 , 1948.47 
 1952 , 1933.11 
 1953 , 1918.41 
 1954 , 1921.07 
 1955 , 1930.01 
 1956 , 1931.94 
 1957 , 1941.8 
 1958 , 1961.26 
 1959 , 1962.38 
 1960 , 1944.14 
 1961 , 1930.52 
 1962 , 1925.36 
 1963 , 1925.19 
 1964 , 1937.81 
 1965 , 1965.67 
 1966 , 1993 
 1967 , 2002.96 
 1968 , 1984.31 
 1969 , 1952.6 
 1970 , 1930.95 
 1971 , 1911.72 
 1972 , 1887.66 
 1973 , 1870.31 
 1974 , 1861.66 
 1975 , 1851.25 
 1976 , 1847.7 
 1977 , 1866.74 
 1978 , 1893.37 
 1979 , 1910.87 
 1980 , 1923.86 
 1981 , 1932.16 
 1982 , 1925.93 
 1983 , 1907.34 
 1984 , 1886.57 
 1985 , 1870.69 
 1986 , 1864.17 
 1987 , 1867.23 
 1988 , 1881.7 
 1989 , 1911.14 
 1990 , 1944.18 
 1991 , 1962.25 
 1992 , 1960.39 
 1993 , 1942.79 
 1994 , 1925.18 
 1995 , 1912.89 
 1996 , 1897.33 
 1997 , 1886.59 
 1998 , 1895.06 
 1999 , 1912.77 
 2000 , 1926.83 
 2001 , 1935 
 2002 , 1936.8 
 2003 , 1932.23 
 2004 , 1916.19 
 2005 , 1885.45 
 2006 , 1861.28 
 2007 , 1861.55 
 2008 , 1881.1 
 2009 , 1911.7 
 2010 , 1944.99 
 2011 , 1971.17 
 2012 , 1981.44 
 2013 , 1972.73 
 2014 , 1950.43 
 2015 , 1933.58 
 2016 , 1930.87 
 2017 , 1938.24 
 2018 , 1945.74 
 2019 , 1945.21 
 2020 , 1941.21 
 2021 , 1938.3 
 2022 , 1937.29 
 2023 , 1935.78 
 2024 , 1930.42 
 2025 , 1926.88 
 2026 , 1929.06 
 2027 , 1926.2 
 2028 , 1916.5 
 2029 , 1912.78 
 2030 , 1904.27 
 2031 , 1871.08 
 2032 , 1836.63 
 2033 , 1822.74 
 2034 , 1813.98 
 2035 , 1816.11 
 2036 , 1857.53 
 2037 , 1894.39 
 2038 , 1871.96 
 2039 , 1844.71 
 2040 , 1847.19 
 2041 , 1836.67 
 2042 , 1821.83 
 2043 , 1848.14 
 2044 , 1877.15 
 2045 , 1860.67 
 2046 , 1818.13 
 2047 , 1769.73 
 2048 , 1721.48 
 2049 , 1684.46 
 2050 , 1669.33 
 2051 , 1666.79 
 2052 , 1674.72 
 2053 , 1715.45 
 2054 , 1781.49 
 2055 , 1838.25 
 2056 , 1880.23 
 2057 , 1904.65 
 2058 , 1876.74 
 2059 , 1801.3 
 2060 , 1743.44 
 2061 , 1720.83 
 2062 , 1721.81 
 2063 , 1759.77 
 2064 , 1825.87 
 2065 , 1853.3 
 2066 , 1837.13 
 2067 , 1829.39 
 2068 , 1814.32 
 2069 , 1771.73 
 2070 , 1760.36 
 2071 , 1791.98 
 2072 , 1800.85 
 2073 , 1798.56 
 2074 , 1827.5 
 2075 , 1827.6 
 2076 , 1768.41 
 2077 , 1730.44 
 2078 , 1725.11 
 2079 , 1704.13 
 2080 , 1712.08 
 2081 , 1787.64 
 2082 , 1850.74 
 2083 , 1858.09 
 2084 , 1832.95 
 2085 , 1795.24 
 2086 , 1760.06 
 2087 , 1733.82 
 2088 , 1726.14 
 2089 , 1753.93 
 2090 , 1784.4 
 2091 , 1764.85 
 2092 , 1734.4 
 2093 , 1728.8 
 2094 , 1715.71 
 2095 , 1707.05 
 2096 , 1750.85 
 2097 , 1800.13 
 2098 , 1799.76 
 2099 , 1782.97 
 2100 , 1768.31 
 2101 , 1742.83 
 2102 , 1730.21 
 2103 , 1760.17 
 2104 , 1810.48 
 2105 , 1857.02 
 2106 , 1890.1 
 2107 , 1898.22 
 2108 , 1875.36 
 2109 , 1849.11 
 2110 , 1841.48 
 2111 , 1846.18 
 2112 , 1864.8 
 2113 , 1902.73 
 2114 , 1929.73 
 2115 , 1925.14 
 2116 , 1920.37 
 2117 , 1912.83 
 2118 , 1867.84 
 2119 , 1827.73 
 2120 , 1835.41 
 2121 , 1843.33 
 2122 , 1842.89 
 2123 , 1878.05 
 2124 , 1909.21 
 2125 , 1884.25 
 2126 , 1846.93 
 2127 , 1822.39 
 2128 , 1789.12 
 2129 , 1756.17 
 2130 , 1742.96 
 2131 , 1733.21 
 2132 , 1717.73 
 2133 , 1711.14 
 2134 , 1705.04 
 2135 , 1680.85 
 2136 , 1652.94 
 2137 , 1635.79 
 2138 , 1628.7 
 2139 , 1633.87 
 2140 , 1653.45 
 2141 , 1674.49 
 2142 , 1682.34 
 2143 , 1668.79 
 2144 , 1650.67 
 2145 , 1655.72 
 2146 , 1677.19 
 2147 , 1699.6 
 2148 , 1711.7 
 2149 , 1722.03 
 2150 , 1743.45 
 2151 , 1733.75 
 2152 , 1681.76 
 2153 , 1664.87 
 2154 , 1681.99 
 2155 , 1679.42 
 2156 , 1699.43 
 2157 , 1760.01 
 2158 , 1776.17 
 2159 , 1746.37 
 2160 , 1731.19 
 2161 , 1714.17 
 2162 , 1677.9 
 2163 , 1650.84 
 2164 , 1640.26 
 2165 , 1632.02 
 2166 , 1612.66 
 2167 , 1591.17 
 2168 , 1613.3 
 2169 , 1644.21 
 2170 , 1610.36 
 2171 , 1580.49 
 2172 , 1604.34 
 2173 , 1616.75 
 2174 , 1632.23 
 2175 , 1711.31 
 2176 , 1793.28 
 2177 , 1828.09 
 2178 , 1847.19 
 2179 , 1847.95 
 2180 , 1809.39 
 2181 , 1765.38 
 2182 , 1737.9 
 2183 , 1707.52 
 2184 , 1670.16 
 2185 , 1634.35 
 2186 , 1611.51 
 2187 , 1606.3 
 2188 , 1612.18 
 2189 , 1622.91 
 2190 , 1632.78 
 2191 , 1636.71 
 2192 , 1635.76 
 2193 , 1637.87 
 2194 , 1646.86 
 2195 , 1658.88 
 2196 , 1654.8 
 2197 , 1639.08 
 2198 , 1639.3 
 2199 , 1636.78 
 2200 , 1612.44 
 2201 , 1596.96 
 2202 , 1594.79 
 2203 , 1584.9 
 2204 , 1585.61 
 2205 , 1610.52 
 2206 , 1633.89 
 2207 , 1632.46 
 2208 , 1598.51 
 2209 , 1573.42 
 2210 , 1587.77 
 2211 , 1626.95 
 2212 , 1670.89 
 2213 , 1705.19 
 2214 , 1737.87 
 2215 , 1757.65 
 2216 , 1728.21 
 2217 , 1689.72 
 2218 , 1692.35 
 2219 , 1693.8 
 2220 , 1678.15 
 2221 , 1673.63 
 2222 , 1683 
 2223 , 1691.65 
 2224 , 1673.82 
 2225 , 1643.6 
 2226 , 1640.45 
 2227 , 1649.78 
 2228 , 1655.69 
 2229 , 1670.3 
 2230 , 1679.67 
 2231 , 1657.39 
 2232 , 1609.9 
 2233 , 1567.23 
 2234 , 1569.63 
 2235 , 1593.75 
 2236 , 1606.4 
 2237 , 1626.49 
 2238 , 1647.02 
 2239 , 1636.29 
 2240 , 1607.47 
 2241 , 1573.78 
 2242 , 1522.96 
 2243 , 1496.38 
 2244 , 1544.76 
 2245 , 1604.98 
 2246 , 1641.7 
 2247 , 1685.67 
 2248 , 1699.35 
 2249 , 1650.23 
 2250 , 1610.47 
 2251 , 1609.6 
 2252 , 1622.22 
 2253 , 1629.78 
 2254 , 1630.04 
 2255 , 1639.69 
 2256 , 1620.6 
 2257 , 1530.3 
 2258 , 1439.51 
 2259 , 1391.62 
 2260 , 1370.66 
 2261 , 1387.38 
 2262 , 1439.42 
 2263 , 1467.96 
 2264 , 1462.14 
 2265 , 1454.12 
 2266 , 1470.57 
 2267 , 1514.44 
 2268 , 1556.51 
 2269 , 1594.18 
 2270 , 1626.04 
 2271 , 1605.58 
 2272 , 1544.96 
 2273 , 1508.06 
 2274 , 1480.5 
 2275 , 1452.21 
 2276 , 1461.26 
 2277 , 1497.25 
 2278 , 1520.84 
 2279 , 1502.16 
 2280 , 1492.26 
 2281 , 1591.48 
 2282 , 1706.21 
 2283 , 1757.12 
 2284 , 1805.27 
 2285 , 1785.45 
 2286 , 1620.05 
 2287 , 1477.13 
 2288 , 1442.3 
 2289 , 1460.83 
 2290 , 1504.25 
 2291 , 1549.56 
 2292 , 1562 
 2293 , 1538.02 
 2294 , 1501.82 
 2295 , 1495.96 
 2296 , 1517.22 
 2297 , 1518.97 
 2298 , 1511.96 
 2299 , 1498.52 
 2300 , 1433.39 
 2301 , 1343.04 
 2302 , 1283.82 
 2303 , 1255.98 
 2304 , 1270.14 
 2305 , 1343.22 
 2306 , 1409.56 
 2307 , 1432.54 
 2308 , 1462.66 
 2309 , 1487.64 
 2310 , 1482.01 
 2311 , 1490.02 
 2312 , 1503.1 
 2313 , 1472.92 
 2314 , 1438.41 
 2315 , 1429.84 
 2316 , 1432.1 
 2317 , 1455.58 
 2318 , 1491.95 
 2319 , 1468.69 
 2320 , 1417.57 
 2321 , 1416 
 2322 , 1400.85 
 2323 , 1363.66 
 2324 , 1382.81 
 2325 , 1442.49 
 2326 , 1487.39 
 2327 , 1466.85 
 2328 , 1428.05 
 2329 , 1431.04 
 2330 , 1408.01 
 2331 , 1367.13 
 2332 , 1380.62 
 2333 , 1398.8 
 2334 , 1388.48 
 2335 , 1383.04 
 2336 , 1370.2 
 2337 , 1338.55 
 2338 , 1320.86 
 2339 , 1276.86 
