10-03-2023,10:41:48
Wavenumber(cm-1),Intensity
 250 , 4429.9 
 251 , 4429.9 
 252 , 4405.82 
 253 , 4379.3 
 254 , 4354.61 
 255 , 4336.58 
 256 , 4324.4 
 257 , 4313.43 
 258 , 4301.06 
 259 , 4289.15 
 260 , 4280.09 
 261 , 4273.52 
 262 , 4266.91 
 263 , 4257.93 
 264 , 4247.34 
 265 , 4236.97 
 266 , 4227.32 
 267 , 4217.09 
 268 , 4204.28 
 269 , 4188.15 
 270 , 4169.88 
 271 , 4153.37 
 272 , 4142.75 
 273 , 4138.56 
 274 , 4137.37 
 275 , 4136.64 
 276 , 4137.01 
 277 , 4140.17 
 278 , 4145.6 
 279 , 4149.6 
 280 , 4148.53 
 281 , 4142.54 
 282 , 4134.21 
 283 , 4125.99 
 284 , 4119.2 
 285 , 4114.56 
 286 , 4112.31 
 287 , 4112.06 
 288 , 4112.37 
 289 , 4111.13 
 290 , 4107.86 
 291 , 4104.9 
 292 , 4104.43 
 293 , 4105.02 
 294 , 4101.9 
 295 , 4093.39 
 296 , 4084.31 
 297 , 4079.1 
 298 , 4076.61 
 299 , 4071.85 
 300 , 4063.63 
 301 , 4057.71 
 302 , 4059.82 
 303 , 4069.53 
 304 , 4081.31 
 305 , 4091.47 
 306 , 4099.36 
 307 , 4103.88 
 308 , 4104.78 
 309 , 4104.01 
 310 , 4103.97 
 311 , 4105.75 
 312 , 4109.85 
 313 , 4116.07 
 314 , 4123.96 
 315 , 4132.94 
 316 , 4141.03 
 317 , 4145.28 
 318 , 4144.91 
 319 , 4141.48 
 320 , 4136.76 
 321 , 4131.29 
 322 , 4124.94 
 323 , 4119.35 
 324 , 4118.54 
 325 , 4124.49 
 326 , 4132.69 
 327 , 4137.13 
 328 , 4137.92 
 329 , 4139.62 
 330 , 4143.56 
 331 , 4144.45 
 332 , 4137 
 333 , 4122.87 
 334 , 4106.63 
 335 , 4091.21 
 336 , 4077.03 
 337 , 4064.58 
 338 , 4055.91 
 339 , 4053.43 
 340 , 4057.46 
 341 , 4066.87 
 342 , 4080.88 
 343 , 4098.45 
 344 , 4117.51 
 345 , 4133.82 
 346 , 4142.68 
 347 , 4142.26 
 348 , 4136.27 
 349 , 4128.31 
 350 , 4120.33 
 351 , 4115.13 
 352 , 4115.3 
 353 , 4120.08 
 354 , 4127.08 
 355 , 4133.64 
 356 , 4138.78 
 357 , 4141.33 
 358 , 4137.4 
 359 , 4123.27 
 360 , 4102.88 
 361 , 4084.14 
 362 , 4072.08 
 363 , 4066.57 
 364 , 4066.14 
 365 , 4068.42 
 366 , 4072.02 
 367 , 4077.03 
 368 , 4083.14 
 369 , 4089.01 
 370 , 4092.62 
 371 , 4092.65 
 372 , 4090.35 
 373 , 4087.85 
 374 , 4085.84 
 375 , 4082.95 
 376 , 4078.11 
 377 , 4072.57 
 378 , 4068.29 
 379 , 4065.88 
 380 , 4064.49 
 381 , 4063.39 
 382 , 4062.34 
 383 , 4061.18 
 384 , 4059.71 
 385 , 4057.76 
 386 , 4055.77 
 387 , 4055.79 
 388 , 4059.93 
 389 , 4067.33 
 390 , 4075.28 
 391 , 4082.68 
 392 , 4091.68 
 393 , 4104.18 
 394 , 4117.59 
 395 , 4127.44 
 396 , 4132.57 
 397 , 4136.26 
 398 , 4141.17 
 399 , 4145.22 
 400 , 4144.93 
 401 , 4138.85 
 402 , 4127.75 
 403 , 4113.37 
 404 , 4099.04 
 405 , 4087.77 
 406 , 4079.44 
 407 , 4072.47 
 408 , 4067.43 
 409 , 4067.7 
 410 , 4075.81 
 411 , 4089.2 
 412 , 4103.85 
 413 , 4117.92 
 414 , 4131.06 
 415 , 4142.04 
 416 , 4149.13 
 417 , 4151.36 
 418 , 4149.57 
 419 , 4144.22 
 420 , 4134.79 
 421 , 4122.8 
 422 , 4111.01 
 423 , 4101.32 
 424 , 4094.03 
 425 , 4088.94 
 426 , 4086.88 
 427 , 4088.67 
 428 , 4092.45 
 429 , 4095.59 
 430 , 4096.9 
 431 , 4096.24 
 432 , 4092.83 
 433 , 4086.14 
 434 , 4076.58 
 435 , 4066.41 
 436 , 4058.05 
 437 , 4051.88 
 438 , 4046.87 
 439 , 4042.83 
 440 , 4040.55 
 441 , 4040.64 
 442 , 4042.68 
 443 , 4045.71 
 444 , 4049.26 
 445 , 4054.89 
 446 , 4064.56 
 447 , 4076.22 
 448 , 4084.73 
 449 , 4087.43 
 450 , 4088.42 
 451 , 4092.9 
 452 , 4098.33 
 453 , 4098.1 
 454 , 4090.72 
 455 , 4082.73 
 456 , 4080.75 
 457 , 4083.41 
 458 , 4086.45 
 459 , 4088.36 
 460 , 4090.93 
 461 , 4096.13 
 462 , 4103.28 
 463 , 4110.32 
 464 , 4114.97 
 465 , 4115.59 
 466 , 4112.92 
 467 , 4109.23 
 468 , 4105.22 
 469 , 4098.47 
 470 , 4086.53 
 471 , 4071.11 
 472 , 4056.33 
 473 , 4045.45 
 474 , 4039.9 
 475 , 4040.16 
 476 , 4044.85 
 477 , 4052.44 
 478 , 4061.74 
 479 , 4071.48 
 480 , 4080.19 
 481 , 4086.57 
 482 , 4089.31 
 483 , 4087.94 
 484 , 4082.8 
 485 , 4075.56 
 486 , 4068.9 
 487 , 4064.62 
 488 , 4063.62 
 489 , 4066.93 
 490 , 4073.42 
 491 , 4080.23 
 492 , 4085.71 
 493 , 4090.7 
 494 , 4095.03 
 495 , 4094.02 
 496 , 4082.78 
 497 , 4066.86 
 498 , 4060.84 
 499 , 4071.81 
 500 , 4088.58 
 501 , 4099.31 
 502 , 4105.33 
 503 , 4113.72 
 504 , 4123.84 
 505 , 4125.39 
 506 , 4111.83 
 507 , 4091.79 
 508 , 4076.47 
 509 , 4068.35 
 510 , 4064.04 
 511 , 4061.66 
 512 , 4061.84 
 513 , 4064.68 
 514 , 4068.33 
 515 , 4071.18 
 516 , 4072.84 
 517 , 4072.85 
 518 , 4069.69 
 519 , 4061.68 
 520 , 4048.5 
 521 , 4033.31 
 522 , 4019.97 
 523 , 4011.26 
 524 , 4009.58 
 525 , 4016.82 
 526 , 4030.55 
 527 , 4046.54 
 528 , 4060.01 
 529 , 4067.13 
 530 , 4067.31 
 531 , 4063.48 
 532 , 4057.61 
 533 , 4049.85 
 534 , 4040.37 
 535 , 4031.06 
 536 , 4024.94 
 537 , 4022.48 
 538 , 4019.48 
 539 , 4012.51 
 540 , 4004.42 
 541 , 3999.9 
 542 , 3999.79 
 543 , 4001.33 
 544 , 4002.66 
 545 , 4004.93 
 546 , 4009.84 
 547 , 4017.6 
 548 , 4027.48 
 549 , 4039.04 
 550 , 4052.74 
 551 , 4068.52 
 552 , 4083.1 
 553 , 4091.96 
 554 , 4093.83 
 555 , 4090.8 
 556 , 4085.55 
 557 , 4079.22 
 558 , 4071.22 
 559 , 4059.89 
 560 , 4045.36 
 561 , 4032.28 
 562 , 4026.58 
 563 , 4029.17 
 564 , 4034.69 
 565 , 4039.28 
 566 , 4045.17 
 567 , 4055.29 
 568 , 4065.29 
 569 , 4066.53 
 570 , 4056.14 
 571 , 4040.11 
 572 , 4024.01 
 573 , 4009.46 
 574 , 3997.37 
 575 , 3988.05 
 576 , 3980.29 
 577 , 3972.47 
 578 , 3964.46 
 579 , 3957.16 
 580 , 3949.28 
 581 , 3937.19 
 582 , 3921.37 
 583 , 3907.67 
 584 , 3899.75 
 585 , 3893.96 
 586 , 3885.75 
 587 , 3877 
 588 , 3873.21 
 589 , 3876.51 
 590 , 3884.38 
 591 , 3894.15 
 592 , 3905.5 
 593 , 3919.07 
 594 , 3934.12 
 595 , 3948.75 
 596 , 3961.29 
 597 , 3971.12 
 598 , 3978.9 
 599 , 3986.32 
 600 , 3994.06 
 601 , 3999.8 
 602 , 4001.15 
 603 , 3999.26 
 604 , 3997.45 
 605 , 3996.46 
 606 , 3992.34 
 607 , 3982.01 
 608 , 3969.28 
 609 , 3960.01 
 610 , 3955.58 
 611 , 3954.02 
 612 , 3955.3 
 613 , 3963.25 
 614 , 3980.66 
 615 , 4002.91 
 616 , 4023.35 
 617 , 4039.96 
 618 , 4053.92 
 619 , 4065.02 
 620 , 4071.1 
 621 , 4070.52 
 622 , 4063.91 
 623 , 4052.34 
 624 , 4037.21 
 625 , 4019.9 
 626 , 4002.04 
 627 , 3986.05 
 628 , 3974.3 
 629 , 3967.76 
 630 , 3966.45 
 631 , 3968.95 
 632 , 3973.78 
 633 , 3979.99 
 634 , 3986.56 
 635 , 3992.11 
 636 , 3995.17 
 637 , 3994.73 
 638 , 3992.01 
 639 , 3989.08 
 640 , 3986.59 
 641 , 3983.46 
 642 , 3981.12 
 643 , 3987.53 
 644 , 4009.66 
 645 , 4042.41 
 646 , 4076.29 
 647 , 4105.59 
 648 , 4127.92 
 649 , 4139.52 
 650 , 4133.32 
 651 , 4104.25 
 652 , 4058.91 
 653 , 4007.38 
 654 , 3958.48 
 655 , 3919.92 
 656 , 3896.2 
 657 , 3887.18 
 658 , 3891.57 
 659 , 3905.1 
 660 , 3922.81 
 661 , 3940.26 
 662 , 3953.35 
 663 , 3960.65 
 664 , 3964.12 
 665 , 3965.44 
 666 , 3964.72 
 667 , 3961.69 
 668 , 3956.32 
 669 , 3948.73 
 670 , 3939.46 
 671 , 3929.39 
 672 , 3919.34 
 673 , 3909.75 
 674 , 3901.02 
 675 , 3893.82 
 676 , 3889.06 
 677 , 3887.53 
 678 , 3889.67 
 679 , 3893.5 
 680 , 3893.72 
 681 , 3887.22 
 682 , 3879.08 
 683 , 3875.44 
 684 , 3877.7 
 685 , 3884.94 
 686 , 3897.42 
 687 , 3916.68 
 688 , 3941.3 
 689 , 3962.74 
 690 , 3972.71 
 691 , 3970.17 
 692 , 3956.74 
 693 , 3936.86 
 694 , 3917.09 
 695 , 3901.73 
 696 , 3891.4 
 697 , 3885.94 
 698 , 3883.77 
 699 , 3883.12 
 700 , 3883.25 
 701 , 3883.95 
 702 , 3884.71 
 703 , 3884.68 
 704 , 3884.05 
 705 , 3885.38 
 706 , 3890.81 
 707 , 3898.15 
 708 , 3904.12 
 709 , 3909.63 
 710 , 3918.56 
 711 , 3931.42 
 712 , 3943.51 
 713 , 3951.38 
 714 , 3957.31 
 715 , 3964.33 
 716 , 3972.2 
 717 , 3979.27 
 718 , 3985.66 
 719 , 3993.2 
 720 , 4002.56 
 721 , 4011.89 
 722 , 4019.33 
 723 , 4024.49 
 724 , 4027.45 
 725 , 4028.45 
 726 , 4027.63 
 727 , 4025.05 
 728 , 4021.01 
 729 , 4016.21 
 730 , 4011.5 
 731 , 4007.16 
 732 , 4001.96 
 733 , 3994.59 
 734 , 3985.63 
 735 , 3976.43 
 736 , 3967.08 
 737 , 3956.17 
 738 , 3942.81 
 739 , 3927.92 
 740 , 3912.68 
 741 , 3897.65 
 742 , 3883.27 
 743 , 3871.97 
 744 , 3868.03 
 745 , 3872.39 
 746 , 3879.53 
 747 , 3884.9 
 748 , 3890.96 
 749 , 3901.16 
 750 , 3912.49 
 751 , 3918.75 
 752 , 3920.03 
 753 , 3922.87 
 754 , 3930.34 
 755 , 3937.61 
 756 , 3939.98 
 757 , 3937.69 
 758 , 3932.37 
 759 , 3925.4 
 760 , 3917.99 
 761 , 3910.31 
 762 , 3901.03 
 763 , 3889.8 
 764 , 3879.25 
 765 , 3872.33 
 766 , 3869.77 
 767 , 3871.03 
 768 , 3874.01 
 769 , 3876.5 
 770 , 3878.55 
 771 , 3881.45 
 772 , 3884.41 
 773 , 3884.3 
 774 , 3879.48 
 775 , 3872.89 
 776 , 3867.72 
 777 , 3864.14 
 778 , 3861.7 
 779 , 3860.69 
 780 , 3860.79 
 781 , 3862.26 
 782 , 3868.61 
 783 , 3882.72 
 784 , 3899.76 
 785 , 3912.59 
 786 , 3917.82 
 787 , 3914.72 
 788 , 3905.43 
 789 , 3895.43 
 790 , 3888.22 
 791 , 3882.46 
 792 , 3877.18 
 793 , 3876.03 
 794 , 3882.95 
 795 , 3891.93 
 796 , 3891.58 
 797 , 3879.75 
 798 , 3864.19 
 799 , 3852.29 
 800 , 3850.34 
 801 , 3862.24 
 802 , 3881.89 
 803 , 3901.3 
 804 , 3919.26 
 805 , 3937.85 
 806 , 3953.51 
 807 , 3957.25 
 808 , 3946.83 
 809 , 3932.62 
 810 , 3923.84 
 811 , 3921.32 
 812 , 3923.91 
 813 , 3929.07 
 814 , 3933.73 
 815 , 3935.96 
 816 , 3934.46 
 817 , 3929.4 
 818 , 3923.96 
 819 , 3922.07 
 820 , 3928.49 
 821 , 3946.77 
 822 , 3972.87 
 823 , 4000.08 
 824 , 4023.75 
 825 , 4040.62 
 826 , 4047.13 
 827 , 4039.31 
 828 , 4016.5 
 829 , 3986.94 
 830 , 3959.09 
 831 , 3936.18 
 832 , 3919.98 
 833 , 3911.54 
 834 , 3910.97 
 835 , 3917.25 
 836 , 3929 
 837 , 3943.75 
 838 , 3955.83 
 839 , 3960.44 
 840 , 3959.5 
 841 , 3956.41 
 842 , 3950.81 
 843 , 3940.65 
 844 , 3927.76 
 845 , 3917.09 
 846 , 3911.9 
 847 , 3913.11 
 848 , 3920.47 
 849 , 3931.42 
 850 , 3943.21 
 851 , 3954.72 
 852 , 3965.22 
 853 , 3971.68 
 854 , 3969.78 
 855 , 3959.69 
 856 , 3946.38 
 857 , 3933.56 
 858 , 3921.83 
 859 , 3911.42 
 860 , 3903.4 
 861 , 3898.85 
 862 , 3895.77 
 863 , 3890.95 
 864 , 3885.51 
 865 , 3883.85 
 866 , 3886.76 
 867 , 3890 
 868 , 3891.06 
 869 , 3892.89 
 870 , 3897.63 
 871 , 3900.3 
 872 , 3895.29 
 873 , 3885.84 
 874 , 3878.64 
 875 , 3874.53 
 876 , 3870.07 
 877 , 3865.2 
 878 , 3864.45 
 879 , 3871.19 
 880 , 3885.82 
 881 , 3906.98 
 882 , 3926.63 
 883 , 3936.07 
 884 , 3935.72 
 885 , 3930.09 
 886 , 3920.71 
 887 , 3906.95 
 888 , 3892.47 
 889 , 3886.74 
 890 , 3894.15 
 891 , 3905.97 
 892 , 3912.99 
 893 , 3913.07 
 894 , 3906.61 
 895 , 3897.12 
 896 , 3888.87 
 897 , 3882.01 
 898 , 3874.14 
 899 , 3866.09 
 900 , 3862.31 
 901 , 3864.18 
 902 , 3866.6 
 903 , 3866 
 904 , 3867.17 
 905 , 3875.26 
 906 , 3885.31 
 907 , 3888.93 
 908 , 3887.47 
 909 , 3888.79 
 910 , 3894.84 
 911 , 3901.11 
 912 , 3905.8 
 913 , 3911.67 
 914 , 3919.67 
 915 , 3925.08 
 916 , 3923.46 
 917 , 3916.28 
 918 , 3906.83 
 919 , 3898.88 
 920 , 3896.94 
 921 , 3900.97 
 922 , 3905.4 
 923 , 3905.73 
 924 , 3900.7 
 925 , 3890.67 
 926 , 3878.88 
 927 , 3868.35 
 928 , 3859.85 
 929 , 3853.89 
 930 , 3852.24 
 931 , 3856.57 
 932 , 3863.49 
 933 , 3866.09 
 934 , 3862.94 
 935 , 3859.7 
 936 , 3859.37 
 937 , 3858.33 
 938 , 3853.82 
 939 , 3850 
 940 , 3851.95 
 941 , 3860.05 
 942 , 3872.61 
 943 , 3885.94 
 944 , 3894.95 
 945 , 3898.18 
 946 , 3898.01 
 947 , 3895.26 
 948 , 3888.41 
 949 , 3877.47 
 950 , 3866.99 
 951 , 3861.03 
 952 , 3857.65 
 953 , 3853.84 
 954 , 3851.72 
 955 , 3855.51 
 956 , 3865.48 
 957 , 3879.01 
 958 , 3891.97 
 959 , 3897.89 
 960 , 3894.33 
 961 , 3887.58 
 962 , 3882.83 
 963 , 3878.44 
 964 , 3872.58 
 965 , 3869.14 
 966 , 3872.72 
 967 , 3878.92 
 968 , 3878.99 
 969 , 3872.75 
 970 , 3866.91 
 971 , 3862.23 
 972 , 3851.48 
 973 , 3831.91 
 974 , 3811.54 
 975 , 3797.85 
 976 , 3790.63 
 977 , 3788.42 
 978 , 3794.1 
 979 , 3811.38 
 980 , 3835.05 
 981 , 3855.13 
 982 , 3868.37 
 983 , 3877.38 
 984 , 3881.89 
 985 , 3877.55 
 986 , 3865.05 
 987 , 3855.51 
 988 , 3856.31 
 989 , 3859.63 
 990 , 3856.96 
 991 , 3850.68 
 992 , 3846.06 
 993 , 3843.79 
 994 , 3842.23 
 995 , 3840.67 
 996 , 3839.46 
 997 , 3840.54 
 998 , 3847.1 
 999 , 3858.33 
 1000 , 3866.81 
 1001 , 3867.69 
 1002 , 3864.96 
 1003 , 3863.47 
 1004 , 3864.54 
 1005 , 3867.94 
 1006 , 3871.21 
 1007 , 3871.92 
 1008 , 3873.02 
 1009 , 3879.75 
 1010 , 3889.15 
 1011 , 3891.76 
 1012 , 3883.81 
 1013 , 3868.41 
 1014 , 3847.84 
 1015 , 3823.03 
 1016 , 3796.13 
 1017 , 3771.69 
 1018 , 3754.14 
 1019 , 3747.05 
 1020 , 3752.98 
 1021 , 3766.53 
 1022 , 3779 
 1023 , 3787.67 
 1024 , 3793.9 
 1025 , 3797.46 
 1026 , 3796.58 
 1027 , 3790.54 
 1028 , 3780.38 
 1029 , 3767.84 
 1030 , 3754.83 
 1031 , 3742.51 
 1032 , 3731.39 
 1033 , 3722.68 
 1034 , 3718.3 
 1035 , 3719.16 
 1036 , 3724.1 
 1037 , 3732.07 
 1038 , 3742.02 
 1039 , 3751.71 
 1040 , 3761.04 
 1041 , 3773.21 
 1042 , 3788.82 
 1043 , 3803.52 
 1044 , 3813.94 
 1045 , 3820.65 
 1046 , 3824.42 
 1047 , 3823.68 
 1048 , 3816.95 
 1049 , 3806.88 
 1050 , 3797.14 
 1051 , 3789.35 
 1052 , 3784.23 
 1053 , 3782.19 
 1054 , 3783.47 
 1055 , 3788.17 
 1056 , 3796.29 
 1057 , 3805.78 
 1058 , 3811.99 
 1059 , 3812.07 
 1060 , 3807.16 
 1061 , 3799.72 
 1062 , 3793.46 
 1063 , 3790.58 
 1064 , 3788.76 
 1065 , 3786.12 
 1066 , 3785.79 
 1067 , 3791.38 
 1068 , 3801.3 
 1069 , 3812.14 
 1070 , 3821.82 
 1071 , 3828.53 
 1072 , 3830.52 
 1073 , 3826.68 
 1074 , 3818.72 
 1075 , 3811.17 
 1076 , 3807.58 
 1077 , 3810.3 
 1078 , 3820.14 
 1079 , 3833.73 
 1080 , 3846.88 
 1081 , 3855.79 
 1082 , 3857.84 
 1083 , 3854.86 
 1084 , 3849.92 
 1085 , 3846.14 
 1086 , 3846.51 
 1087 , 3849.66 
 1088 , 3851.37 
 1089 , 3850.6 
 1090 , 3849.43 
 1091 , 3848.81 
 1092 , 3847.72 
 1093 , 3846.62 
 1094 , 3849.32 
 1095 , 3857.9 
 1096 , 3869.04 
 1097 , 3878.98 
 1098 , 3885.54 
 1099 , 3887.58 
 1100 , 3885.81 
 1101 , 3881.23 
 1102 , 3875.47 
 1103 , 3870.49 
 1104 , 3866.9 
 1105 , 3864.25 
 1106 , 3860.87 
 1107 , 3854.47 
 1108 , 3844.02 
 1109 , 3829.45 
 1110 , 3813.57 
 1111 , 3802.82 
 1112 , 3799.85 
 1113 , 3800.77 
 1114 , 3803.32 
 1115 , 3809.74 
 1116 , 3820.71 
 1117 , 3831.38 
 1118 , 3837.25 
 1119 , 3838.59 
 1120 , 3836.58 
 1121 , 3832.67 
 1122 , 3828.27 
 1123 , 3822.34 
 1124 , 3812.92 
 1125 , 3803.73 
 1126 , 3801.89 
 1127 , 3809.81 
 1128 , 3825.75 
 1129 , 3844.32 
 1130 , 3856.33 
 1131 , 3857.22 
 1132 , 3849.42 
 1133 , 3837.11 
 1134 , 3826.56 
 1135 , 3823.31 
 1136 , 3830.65 
 1137 , 3847.66 
 1138 , 3860.04 
 1139 , 3854.49 
 1140 , 3834.65 
 1141 , 3808.37 
 1142 , 3780.44 
 1143 , 3755.3 
 1144 , 3743.65 
 1145 , 3757.25 
 1146 , 3785.37 
 1147 , 3804.12 
 1148 , 3808.15 
 1149 , 3807.14 
 1150 , 3804.38 
 1151 , 3796.43 
 1152 , 3784.91 
 1153 , 3778.26 
 1154 , 3780.87 
 1155 , 3789.43 
 1156 , 3800.55 
 1157 , 3811.99 
 1158 , 3822.16 
 1159 , 3831.11 
 1160 , 3838.87 
 1161 , 3843.98 
 1162 , 3844.71 
 1163 , 3839.72 
 1164 , 3828.38 
 1165 , 3813.92 
 1166 , 3800.87 
 1167 , 3791.98 
 1168 , 3789.05 
 1169 , 3792.33 
 1170 , 3800.83 
 1171 , 3811.44 
 1172 , 3819.56 
 1173 , 3822.94 
 1174 , 3821.8 
 1175 , 3817.66 
 1176 , 3813.61 
 1177 , 3810.47 
 1178 , 3805.25 
 1179 , 3797.01 
 1180 , 3789.74 
 1181 , 3786.07 
 1182 , 3783.68 
 1183 , 3780.52 
 1184 , 3778.03 
 1185 , 3777.58 
 1186 , 3777.14 
 1187 , 3774.62 
 1188 , 3772.29 
 1189 , 3773.09 
 1190 , 3774.76 
 1191 , 3773.28 
 1192 , 3767.97 
 1193 , 3759.89 
 1194 , 3750.48 
 1195 , 3741.59 
 1196 , 3738.63 
 1197 , 3749.34 
 1198 , 3771.41 
 1199 , 3793.16 
 1200 , 3810.25 
 1201 , 3827.13 
 1202 , 3843.86 
 1203 , 3853.85 
 1204 , 3856.05 
 1205 , 3859.59 
 1206 , 3868.2 
 1207 , 3872.3 
 1208 , 3865.9 
 1209 , 3856.45 
 1210 , 3851.26 
 1211 , 3850.81 
 1212 , 3853.53 
 1213 , 3854.86 
 1214 , 3850.86 
 1215 , 3844.8 
 1216 , 3841.08 
 1217 , 3836.98 
 1218 , 3828.36 
 1219 , 3821.1 
 1220 , 3824.1 
 1221 , 3832.34 
 1222 , 3834.24 
 1223 , 3829.98 
 1224 , 3826.92 
 1225 , 3825.75 
 1226 , 3822.3 
 1227 , 3818.39 
 1228 , 3821.05 
 1229 , 3829.36 
 1230 , 3833.83 
 1231 , 3832.95 
 1232 , 3835.95 
 1233 , 3845.24 
 1234 , 3851.77 
 1235 , 3852.35 
 1236 , 3856.3 
 1237 , 3868.12 
 1238 , 3878.77 
 1239 , 3881.41 
 1240 , 3879.9 
 1241 , 3877.74 
 1242 , 3871.5 
 1243 , 3859.02 
 1244 , 3848.26 
 1245 , 3847.64 
 1246 , 3856.74 
 1247 , 3871.8 
 1248 , 3886.07 
 1249 , 3892.84 
 1250 , 3889.13 
 1251 , 3873.63 
 1252 , 3849.75 
 1253 , 3823.44 
 1254 , 3801.75 
 1255 , 3791.42 
 1256 , 3794.22 
 1257 , 3808.81 
 1258 , 3828.2 
 1259 , 3841.74 
 1260 , 3845.41 
 1261 , 3840.53 
 1262 , 3830.33 
 1263 , 3819.67 
 1264 , 3811.2 
 1265 , 3804.82 
 1266 , 3802.64 
 1267 , 3809.94 
 1268 , 3825.79 
 1269 , 3840.08 
 1270 , 3847.97 
 1271 , 3854.44 
 1272 , 3862.07 
 1273 , 3867.31 
 1274 , 3868.09 
 1275 , 3866.81 
 1276 , 3865.42 
 1277 , 3863.55 
 1278 , 3859.51 
 1279 , 3848.64 
 1280 , 3828.36 
 1281 , 3803.92 
 1282 , 3780.8 
 1283 , 3760.47 
 1284 , 3744.04 
 1285 , 3734.08 
 1286 , 3733.02 
 1287 , 3741.78 
 1288 , 3760.48 
 1289 , 3785.4 
 1290 , 3811.16 
 1291 , 3832.34 
 1292 , 3844.46 
 1293 , 3847.03 
 1294 , 3841.13 
 1295 , 3829.68 
 1296 , 3816.84 
 1297 , 3809.87 
 1298 , 3816.26 
 1299 , 3829.99 
 1300 , 3838.38 
 1301 , 3841.8 
 1302 , 3848.26 
 1303 , 3854.57 
 1304 , 3850.35 
 1305 , 3839.34 
 1306 , 3835.58 
 1307 , 3839.19 
 1308 , 3838.77 
 1309 , 3832.41 
 1310 , 3827.34 
 1311 , 3827.06 
 1312 , 3830.9 
 1313 , 3838.68 
 1314 , 3850.94 
 1315 , 3865.97 
 1316 , 3879.15 
 1317 , 3886.24 
 1318 , 3883.83 
 1319 , 3872.08 
 1320 , 3856.24 
 1321 , 3842.5 
 1322 , 3837.51 
 1323 , 3844.24 
 1324 , 3859.62 
 1325 , 3879.39 
 1326 , 3897.75 
 1327 , 3909.37 
 1328 , 3910.98 
 1329 , 3902.03 
 1330 , 3886.26 
 1331 , 3867.56 
 1332 , 3849.92 
 1333 , 3837.44 
 1334 , 3833.41 
 1335 , 3839.22 
 1336 , 3853.07 
 1337 , 3871.38 
 1338 , 3884.97 
 1339 , 3886 
 1340 , 3875.97 
 1341 , 3858.6 
 1342 , 3836.49 
 1343 , 3811.93 
 1344 , 3789.62 
 1345 , 3774.48 
 1346 , 3767.97 
 1347 , 3768.36 
 1348 , 3767.06 
 1349 , 3757.37 
 1350 , 3745.13 
 1351 , 3737.07 
 1352 , 3731.08 
 1353 , 3724.25 
 1354 , 3720.19 
 1355 , 3723.19 
 1356 , 3732.74 
 1357 , 3746.49 
 1358 , 3760.32 
 1359 , 3769.98 
 1360 , 3772.28 
 1361 , 3765.29 
 1362 , 3754.47 
 1363 , 3747.38 
 1364 , 3745.29 
 1365 , 3746.78 
 1366 , 3751.32 
 1367 , 3758.72 
 1368 , 3764.83 
 1369 , 3764.47 
 1370 , 3759.79 
 1371 , 3756.52 
 1372 , 3760.64 
 1373 , 3776.59 
 1374 , 3797.96 
 1375 , 3814.72 
 1376 , 3824.81 
 1377 , 3829.11 
 1378 , 3825.07 
 1379 , 3809.65 
 1380 , 3786.55 
 1381 , 3761.9 
 1382 , 3737.04 
 1383 , 3711.62 
 1384 , 3689.92 
 1385 , 3677.73 
 1386 , 3674 
 1387 , 3674.6 
 1388 , 3679.34 
 1389 , 3689.72 
 1390 , 3701.43 
 1391 , 3707.33 
 1392 , 3709.15 
 1393 , 3713.57 
 1394 , 3721.06 
 1395 , 3728.04 
 1396 , 3732.16 
 1397 , 3732.32 
 1398 , 3729.28 
 1399 , 3724.47 
 1400 , 3718.12 
 1401 , 3710.04 
 1402 , 3702.31 
 1403 , 3698.45 
 1404 , 3700.25 
 1405 , 3707.98 
 1406 , 3720.37 
 1407 , 3735.54 
 1408 , 3751.91 
 1409 , 3767.62 
 1410 , 3780.78 
 1411 , 3789.82 
 1412 , 3791.89 
 1413 , 3783.89 
 1414 , 3770.63 
 1415 , 3761.31 
 1416 , 3757.52 
 1417 , 3756.24 
 1418 , 3759.04 
 1419 , 3770.06 
 1420 , 3788.88 
 1421 , 3811.36 
 1422 , 3826.31 
 1423 , 3821.09 
 1424 , 3805.38 
 1425 , 3799.29 
 1426 , 3802.73 
 1427 , 3806.76 
 1428 , 3823.25 
 1429 , 3871.05 
 1430 , 3929.78 
 1431 , 3962.19 
 1432 , 3968.85 
 1433 , 3968.3 
 1434 , 3961.42 
 1435 , 3941.74 
 1436 , 3916.56 
 1437 , 3898.29 
 1438 , 3884.83 
 1439 , 3868.34 
 1440 , 3853.56 
 1441 , 3850.07 
 1442 , 3856.33 
 1443 , 3866.42 
 1444 , 3881.8 
 1445 , 3904.92 
 1446 , 3921.3 
 1447 , 3913.44 
 1448 , 3894.99 
 1449 , 3888.35 
 1450 , 3887.19 
 1451 , 3877.42 
 1452 , 3868.11 
 1453 , 3872.95 
 1454 , 3880.82 
 1455 , 3875.59 
 1456 , 3865.45 
 1457 , 3863.45 
 1458 , 3861.46 
 1459 , 3847.98 
 1460 , 3831.96 
 1461 , 3825.7 
 1462 , 3823.57 
 1463 , 3816.98 
 1464 , 3810.81 
 1465 , 3812.11 
 1466 , 3818.48 
 1467 , 3824.74 
 1468 , 3827.42 
 1469 , 3824.78 
 1470 , 3818.36 
 1471 , 3809.5 
 1472 , 3796.25 
 1473 , 3778.09 
 1474 , 3763.43 
 1475 , 3759.06 
 1476 , 3757.92 
 1477 , 3750.63 
 1478 , 3732.42 
 1479 , 3705.19 
 1480 , 3683.37 
 1481 , 3675.59 
 1482 , 3673.2 
 1483 , 3670.85 
 1484 , 3674.93 
 1485 , 3685.44 
 1486 , 3686.4 
 1487 , 3671.32 
 1488 , 3656.29 
 1489 , 3652.31 
 1490 , 3656.26 
 1491 , 3661.69 
 1492 , 3657.95 
 1493 , 3644.57 
 1494 , 3640.19 
 1495 , 3650.64 
 1496 , 3657.83 
 1497 , 3653.77 
 1498 , 3648.96 
 1499 , 3648.11 
 1500 , 3645.57 
 1501 , 3638.94 
 1502 , 3631.55 
 1503 , 3625.99 
 1504 , 3622.8 
 1505 , 3619.89 
 1506 , 3613.27 
 1507 , 3604.08 
 1508 , 3598.15 
 1509 , 3599.51 
 1510 , 3610.01 
 1511 , 3620.11 
 1512 , 3612.62 
 1513 , 3596.81 
 1514 , 3599.91 
 1515 , 3618.64 
 1516 , 3630.13 
 1517 , 3635.95 
 1518 , 3650.98 
 1519 , 3663.27 
 1520 , 3648.59 
 1521 , 3616.23 
 1522 , 3590.67 
 1523 , 3574.1 
 1524 , 3558.95 
 1525 , 3545.38 
 1526 , 3536.44 
 1527 , 3530.8 
 1528 , 3525.78 
 1529 , 3523.12 
 1530 , 3526.03 
 1531 , 3535.16 
 1532 , 3549.54 
 1533 , 3566.58 
 1534 , 3582.55 
 1535 , 3589.71 
 1536 , 3584.04 
 1537 , 3578.12 
 1538 , 3579.28 
 1539 , 3568.91 
 1540 , 3536.44 
 1541 , 3504.17 
 1542 , 3488.1 
 1543 , 3477.81 
 1544 , 3468.54 
 1545 , 3474.31 
 1546 , 3499.11 
 1547 , 3524.98 
 1548 , 3542.07 
 1549 , 3557.15 
 1550 , 3572.31 
 1551 , 3580.6 
 1552 , 3579.31 
 1553 , 3572.29 
 1554 , 3560.35 
 1555 , 3540.56 
 1556 , 3518.48 
 1557 , 3507.72 
 1558 , 3509.59 
 1559 , 3515.14 
 1560 , 3522.79 
 1561 , 3535.78 
 1562 , 3548.27 
 1563 , 3549.94 
 1564 , 3544.08 
 1565 , 3540.51 
 1566 , 3539.17 
 1567 , 3535.68 
 1568 , 3529.14 
 1569 , 3520.06 
 1570 , 3508.51 
 1571 , 3495.19 
 1572 , 3484.97 
 1573 , 3484 
 1574 , 3497.82 
 1575 , 3528.07 
 1576 , 3562.92 
 1577 , 3589.27 
 1578 , 3599.9 
 1579 , 3591.99 
 1580 , 3571.71 
 1581 , 3547.22 
 1582 , 3527.61 
 1583 , 3517.65 
 1584 , 3513.65 
 1585 , 3512.85 
 1586 , 3515.67 
 1587 , 3522.53 
 1588 , 3533.47 
 1589 , 3546.42 
 1590 , 3556.67 
 1591 , 3562.13 
 1592 , 3563.36 
 1593 , 3554.55 
 1594 , 3525.3 
 1595 , 3486.79 
 1596 , 3465.36 
 1597 , 3464.26 
 1598 , 3471.93 
 1599 , 3485.99 
 1600 , 3508.29 
 1601 , 3531.72 
 1602 , 3546.05 
 1603 , 3549.13 
 1604 , 3543.28 
 1605 , 3537.31 
 1606 , 3538.65 
 1607 , 3538.36 
 1608 , 3526.51 
 1609 , 3506.52 
 1610 , 3481.71 
 1611 , 3445.51 
 1612 , 3397.43 
 1613 , 3357.4 
 1614 , 3337.09 
 1615 , 3323.55 
 1616 , 3310.45 
 1617 , 3309.03 
 1618 , 3322.77 
 1619 , 3340.76 
 1620 , 3358.58 
 1621 , 3381.44 
 1622 , 3408.49 
 1623 , 3431.54 
 1624 , 3444.17 
 1625 , 3442.64 
 1626 , 3427.12 
 1627 , 3400.51 
 1628 , 3369.96 
 1629 , 3344.48 
 1630 , 3323.58 
 1631 , 3303.4 
 1632 , 3290.26 
 1633 , 3292.27 
 1634 , 3303.4 
 1635 , 3314.84 
 1636 , 3327.03 
 1637 , 3342.17 
 1638 , 3358.78 
 1639 , 3373.75 
 1640 , 3382.41 
 1641 , 3382.7 
 1642 , 3378.92 
 1643 , 3374.15 
 1644 , 3367.17 
 1645 , 3356.95 
 1646 , 3343.79 
 1647 , 3330.8 
 1648 , 3323.45 
 1649 , 3324.11 
 1650 , 3332.49 
 1651 , 3345.64 
 1652 , 3358.1 
 1653 , 3365.19 
 1654 , 3362.98 
 1655 , 3348.75 
 1656 , 3322.08 
 1657 , 3293.82 
 1658 , 3277.05 
 1659 , 3268.71 
 1660 , 3262.98 
 1661 , 3267.55 
 1662 , 3288.45 
 1663 , 3312.56 
 1664 , 3327.55 
 1665 , 3335.81 
 1666 , 3339.83 
 1667 , 3334.85 
 1668 , 3322.44 
 1669 , 3319.9 
 1670 , 3336.01 
 1671 , 3361.92 
 1672 , 3388.7 
 1673 , 3411.75 
 1674 , 3427.07 
 1675 , 3428.98 
 1676 , 3419.85 
 1677 , 3408.95 
 1678 , 3395.38 
 1679 , 3373.35 
 1680 , 3352.55 
 1681 , 3346.6 
 1682 , 3349.92 
 1683 , 3354.07 
 1684 , 3366.19 
 1685 , 3391.94 
 1686 , 3420.55 
 1687 , 3442.57 
 1688 , 3458.29 
 1689 , 3468.26 
 1690 , 3472.46 
 1691 , 3469.73 
 1692 , 3455.92 
 1693 , 3432.24 
 1694 , 3408.78 
 1695 , 3390.28 
 1696 , 3374.19 
 1697 , 3358.51 
 1698 , 3342.64 
 1699 , 3330.21 
 1700 , 3326.2 
 1701 , 3326.31 
 1702 , 3323.15 
 1703 , 3317.12 
 1704 , 3310.64 
 1705 , 3301.61 
 1706 , 3288.56 
 1707 , 3279.25 
 1708 , 3279.44 
 1709 , 3280.81 
 1710 , 3275.53 
 1711 , 3264.39 
 1712 , 3249.2 
 1713 , 3230.05 
 1714 , 3206.41 
 1715 , 3177.78 
 1716 , 3150.17 
 1717 , 3136.37 
 1718 , 3134.67 
 1719 , 3130.86 
 1720 , 3127.08 
 1721 , 3136.27 
 1722 , 3150.91 
 1723 , 3152.87 
 1724 , 3140.1 
 1725 , 3119.79 
 1726 , 3098.43 
 1727 , 3078.67 
 1728 , 3059.51 
 1729 , 3044.08 
 1730 , 3043.73 
 1731 , 3060.04 
 1732 , 3075.05 
 1733 , 3079.5 
 1734 , 3079.92 
 1735 , 3076.72 
 1736 , 3062.05 
 1737 , 3041.23 
 1738 , 3030.62 
 1739 , 3031.12 
 1740 , 3033.74 
 1741 , 3036.99 
 1742 , 3042.43 
 1743 , 3042.81 
 1744 , 3030.01 
 1745 , 3014.15 
 1746 , 3008.98 
 1747 , 3014.85 
 1748 , 3028.13 
 1749 , 3049.51 
 1750 , 3077.33 
 1751 , 3099.04 
 1752 , 3105.76 
 1753 , 3098.92 
 1754 , 3080.92 
 1755 , 3053.33 
 1756 , 3023.58 
 1757 , 3003.47 
 1758 , 2992.42 
 1759 , 2982.76 
 1760 , 2979.92 
 1761 , 2993.82 
 1762 , 3016.29 
 1763 , 3035.32 
 1764 , 3053.84 
 1765 , 3074.66 
 1766 , 3088.14 
 1767 , 3086.71 
 1768 , 3071.66 
 1769 , 3047.96 
 1770 , 3026.43 
 1771 , 3011.61 
 1772 , 2996.68 
 1773 , 2983.83 
 1774 , 2986.13 
 1775 , 2999.76 
 1776 , 3009.61 
 1777 , 3021.76 
 1778 , 3049.59 
 1779 , 3077.61 
 1780 , 3085.06 
 1781 , 3079.5 
 1782 , 3071.42 
 1783 , 3055.1 
 1784 , 3026.9 
 1785 , 2995.24 
 1786 , 2967.87 
 1787 , 2947.93 
 1788 , 2932.49 
 1789 , 2913.43 
 1790 , 2895.8 
 1791 , 2894.1 
 1792 , 2903.23 
 1793 , 2907.92 
 1794 , 2909.55 
 1795 , 2915.54 
 1796 , 2925.03 
 1797 , 2935.37 
 1798 , 2946.7 
 1799 , 2959.24 
 1800 , 2972.34 
 1801 , 2982.46 
 1802 , 2980.48 
 1803 , 2964.56 
 1804 , 2944.64 
 1805 , 2930.5 
 1806 , 2929.72 
 1807 , 2937.17 
 1808 , 2939.23 
 1809 , 2935.42 
 1810 , 2931.52 
 1811 , 2924.8 
 1812 , 2910.37 
 1813 , 2889.55 
 1814 , 2866.79 
 1815 , 2851.31 
 1816 , 2846.15 
 1817 , 2837.56 
 1818 , 2822.53 
 1819 , 2819.69 
 1820 , 2832.32 
 1821 , 2843.43 
 1822 , 2851.11 
 1823 , 2866.27 
 1824 , 2882.41 
 1825 , 2884.55 
 1826 , 2879.09 
 1827 , 2879.51 
 1828 , 2886.75 
 1829 , 2899.5 
 1830 , 2920.9 
 1831 , 2948.54 
 1832 , 2965.54 
 1833 , 2965.48 
 1834 , 2962.94 
 1835 , 2963.07 
 1836 , 2956.96 
 1837 , 2942.97 
 1838 , 2926.76 
 1839 , 2907.67 
 1840 , 2881.03 
 1841 , 2850.84 
 1842 , 2825.89 
 1843 , 2812.53 
 1844 , 2814.04 
 1845 , 2829.73 
 1846 , 2856.91 
 1847 , 2887.38 
 1848 , 2914.49 
 1849 , 2938.19 
 1850 , 2954.25 
 1851 , 2951.34 
 1852 , 2933.82 
 1853 , 2919.82 
 1854 , 2907.09 
 1855 , 2883.48 
 1856 , 2865.96 
 1857 , 2875.83 
 1858 , 2891.87 
 1859 , 2893.19 
 1860 , 2899.09 
 1861 , 2919.1 
 1862 , 2925.55 
 1863 , 2912.43 
 1864 , 2911.93 
 1865 , 2927.22 
 1866 , 2930.45 
 1867 , 2921.64 
 1868 , 2919.46 
 1869 , 2920.72 
 1870 , 2914.91 
 1871 , 2914.89 
 1872 , 2936.6 
 1873 , 2976.76 
 1874 , 3026.17 
 1875 , 3072.12 
 1876 , 3103.22 
 1877 , 3110.67 
 1878 , 3092.32 
 1879 , 3054.24 
 1880 , 3004.06 
 1881 , 2951.45 
 1882 , 2908.14 
 1883 , 2883.49 
 1884 , 2872.03 
 1885 , 2866.05 
 1886 , 2865.95 
 1887 , 2869.91 
 1888 , 2869.13 
 1889 , 2857.81 
 1890 , 2835.91 
 1891 , 2809.36 
 1892 , 2793.65 
 1893 , 2792.3 
 1894 , 2795.35 
 1895 , 2803.58 
 1896 , 2824.19 
 1897 , 2848.86 
 1898 , 2865.04 
 1899 , 2877.04 
 1900 , 2890.95 
 1901 , 2900.5 
 1902 , 2903.47 
 1903 , 2911.37 
 1904 , 2925.55 
 1905 , 2930.13 
 1906 , 2915.35 
 1907 , 2879.85 
 1908 , 2833.28 
 1909 , 2791.68 
 1910 , 2758.08 
 1911 , 2730.92 
 1912 , 2718.45 
 1913 , 2724.07 
 1914 , 2723.58 
 1915 , 2705.21 
 1916 , 2699.03 
 1917 , 2712.47 
 1918 , 2709.78 
 1919 , 2687.92 
 1920 , 2680.42 
 1921 , 2686.36 
 1922 , 2682.15 
 1923 , 2677.57 
 1924 , 2691.65 
 1925 , 2703.08 
 1926 , 2688.23 
 1927 , 2661.46 
 1928 , 2639.47 
 1929 , 2626.16 
 1930 , 2625.92 
 1931 , 2645.8 
 1932 , 2679.32 
 1933 , 2707.14 
 1934 , 2722.51 
 1935 , 2726.79 
 1936 , 2715.89 
 1937 , 2686.94 
 1938 , 2653.08 
 1939 , 2630.24 
 1940 , 2629.44 
 1941 , 2653.27 
 1942 , 2688.76 
 1943 , 2721.5 
 1944 , 2737.97 
 1945 , 2734.75 
 1946 , 2718.42 
 1947 , 2694.94 
 1948 , 2669.48 
 1949 , 2650.23 
 1950 , 2643.46 
 1951 , 2643.43 
 1952 , 2644.17 
 1953 , 2644.34 
 1954 , 2645.07 
 1955 , 2654.6 
 1956 , 2674.04 
 1957 , 2690.45 
 1958 , 2691.6 
 1959 , 2672.84 
 1960 , 2652.66 
 1961 , 2652.16 
 1962 , 2652.14 
 1963 , 2633.73 
 1964 , 2623.59 
 1965 , 2634.91 
 1966 , 2628.36 
 1967 , 2591.6 
 1968 , 2563.83 
 1969 , 2553.23 
 1970 , 2533.23 
 1971 , 2501.72 
 1972 , 2473.83 
 1973 , 2454.24 
 1974 , 2442.78 
 1975 , 2440.6 
 1976 , 2446.3 
 1977 , 2452.38 
 1978 , 2455.16 
 1979 , 2456.81 
 1980 , 2457.24 
 1981 , 2454.66 
 1982 , 2452.17 
 1983 , 2454.87 
 1984 , 2458.53 
 1985 , 2456.22 
 1986 , 2450.92 
 1987 , 2447.02 
 1988 , 2441.9 
 1989 , 2432.67 
 1990 , 2418.87 
 1991 , 2403.3 
 1992 , 2392.92 
 1993 , 2388.36 
 1994 , 2384.81 
 1995 , 2387.96 
 1996 , 2407.32 
 1997 , 2433.19 
 1998 , 2452.82 
 1999 , 2471.62 
 2000 , 2490.79 
 2001 , 2491.23 
 2002 , 2469.4 
 2003 , 2448.04 
 2004 , 2423.19 
 2005 , 2367.88 
 2006 , 2308.63 
 2007 , 2294.97 
 2008 , 2302.58 
 2009 , 2293.72 
 2010 , 2296.92 
 2011 , 2329.54 
 2012 , 2340.28 
 2013 , 2309.33 
 2014 , 2282.5 
 2015 , 2280.36 
 2016 , 2291.23 
 2017 , 2305.73 
 2018 , 2318.96 
 2019 , 2335.86 
 2020 , 2358.78 
 2021 , 2363.7 
 2022 , 2339.85 
 2023 , 2327.42 
 2024 , 2341.89 
 2025 , 2346.03 
 2026 , 2335.93 
 2027 , 2344.38 
 2028 , 2357.69 
 2029 , 2337.34 
 2030 , 2296.8 
 2031 , 2264.36 
 2032 , 2241.1 
 2033 , 2224.45 
 2034 , 2215.19 
 2035 , 2209.08 
 2036 , 2197.57 
 2037 , 2181.1 
 2038 , 2167.28 
 2039 , 2161.34 
 2040 , 2167.72 
 2041 , 2190.41 
 2042 , 2227.43 
 2043 , 2255.11 
 2044 , 2261.02 
 2045 , 2273.64 
 2046 , 2301.91 
 2047 , 2315.79 
 2048 , 2312.73 
 2049 , 2318.78 
 2050 , 2333.96 
 2051 , 2343.35 
 2052 , 2348.52 
 2053 , 2356.28 
 2054 , 2368.2 
 2055 , 2374.54 
 2056 , 2340.96 
 2057 , 2267.52 
 2058 , 2210.01 
 2059 , 2178.34 
 2060 , 2138.28 
 2061 , 2104.9 
 2062 , 2115.02 
 2063 , 2146.98 
 2064 , 2167.87 
 2065 , 2185.37 
 2066 , 2205.76 
 2067 , 2212.36 
 2068 , 2202.11 
 2069 , 2193.89 
 2070 , 2193.35 
 2071 , 2195.01 
 2072 , 2206.62 
 2073 , 2238.38 
 2074 , 2273.88 
 2075 , 2293.79 
 2076 , 2299.65 
 2077 , 2292.16 
 2078 , 2260.95 
 2079 , 2205.74 
 2080 , 2141.63 
 2081 , 2084.08 
 2082 , 2046.6 
 2083 , 2034.55 
 2084 , 2046.19 
 2085 , 2068.02 
 2086 , 2088.19 
 2087 , 2104.53 
 2088 , 2115.1 
 2089 , 2118.63 
 2090 , 2110.45 
 2091 , 2082.82 
 2092 , 2057.34 
 2093 , 2067.39 
 2094 , 2091.2 
 2095 , 2098.46 
 2096 , 2110.53 
 2097 , 2138.18 
 2098 , 2142.62 
 2099 , 2116.04 
 2100 , 2100.12 
 2101 , 2103.39 
 2102 , 2104.87 
 2103 , 2100.41 
 2104 , 2093.55 
 2105 , 2080.83 
 2106 , 2064.58 
 2107 , 2070.6 
 2108 , 2106.31 
 2109 , 2138.88 
 2110 , 2152.29 
 2111 , 2151.76 
 2112 , 2133.52 
 2113 , 2091.65 
 2114 , 2044.65 
 2115 , 2017.24 
 2116 , 2020.15 
 2117 , 2047.77 
 2118 , 2062.67 
 2119 , 2054 
 2120 , 2054.83 
 2121 , 2059.9 
 2122 , 2032.77 
 2123 , 1999.34 
 2124 , 2005 
 2125 , 2011.38 
 2126 , 1980.25 
 2127 , 1959.22 
 2128 , 1975.67 
 2129 , 1991.52 
 2130 , 2003.44 
 2131 , 2050.05 
 2132 , 2119.81 
 2133 , 2171.85 
 2134 , 2201.57 
 2135 , 2215.99 
 2136 , 2216.26 
 2137 , 2206.57 
 2138 , 2197.62 
 2139 , 2197.1 
 2140 , 2207.59 
 2141 , 2221.2 
 2142 , 2223.02 
 2143 , 2214.04 
 2144 , 2199.15 
 2145 , 2159.61 
 2146 , 2085.02 
 2147 , 2011.79 
 2148 , 1964.42 
 2149 , 1930.73 
 2150 , 1911.59 
 2151 , 1924.1 
 2152 , 1947.07 
 2153 , 1941.4 
 2154 , 1920.14 
 2155 , 1905.53 
 2156 , 1877.62 
 2157 , 1836.31 
 2158 , 1840.64 
 2159 , 1893.94 
 2160 , 1926.86 
 2161 , 1938.2 
 2162 , 1971.64 
 2163 , 1999.46 
 2164 , 1979.19 
 2165 , 1941.14 
 2166 , 1918.12 
 2167 , 1904.73 
 2168 , 1896.53 
 2169 , 1898.06 
 2170 , 1907.88 
 2171 , 1919.02 
 2172 , 1925.51 
 2173 , 1920.2 
 2174 , 1891.93 
 2175 , 1838.12 
 2176 , 1779.28 
 2177 , 1730.5 
 2178 , 1694.25 
 2179 , 1677.69 
 2180 , 1689.8 
 2181 , 1716.85 
 2182 , 1735.34 
 2183 , 1743.46 
 2184 , 1746.39 
 2185 , 1742.82 
 2186 , 1732.26 
 2187 , 1722.96 
 2188 , 1728.98 
 2189 , 1763.65 
 2190 , 1807.43 
 2191 , 1827.15 
 2192 , 1828.53 
 2193 , 1824.73 
 2194 , 1806.11 
 2195 , 1771.88 
 2196 , 1748.29 
 2197 , 1747.56 
 2198 , 1760.64 
 2199 , 1776.44 
 2200 , 1784.2 
 2201 , 1777.71 
 2202 , 1754.03 
 2203 , 1716.61 
 2204 , 1679.73 
 2205 , 1676.66 
 2206 , 1703.76 
 2207 , 1709.37 
 2208 , 1687.09 
 2209 , 1663.79 
 2210 , 1632.14 
 2211 , 1581.85 
 2212 , 1558.43 
 2213 , 1587.46 
 2214 , 1613.71 
 2215 , 1607.51 
 2216 , 1590.25 
 2217 , 1569.1 
 2218 , 1540.01 
 2219 , 1534.62 
 2220 , 1585.13 
 2221 , 1644.46 
 2222 , 1676.68 
 2223 , 1727.78 
 2224 , 1797.52 
 2225 , 1806.91 
 2226 , 1762.31 
 2227 , 1736.53 
 2228 , 1718.35 
 2229 , 1669.28 
 2230 , 1614.95 
 2231 , 1586.12 
 2232 , 1584.98 
 2233 , 1599.09 
 2234 , 1600.14 
 2235 , 1600.97 
 2236 , 1646.04 
 2237 , 1711.3 
 2238 , 1746.91 
 2239 , 1757.15 
 2240 , 1757.75 
 2241 , 1751.39 
 2242 , 1736.58 
 2243 , 1709.45 
 2244 , 1677.13 
 2245 , 1655.36 
 2246 , 1646.19 
 2247 , 1642.99 
 2248 , 1633.42 
 2249 , 1617.04 
 2250 , 1627.57 
 2251 , 1655.89 
 2252 , 1623.75 
 2253 , 1539.34 
 2254 , 1485.32 
 2255 , 1460.84 
 2256 , 1432.57 
 2257 , 1431.34 
 2258 , 1475.23 
 2259 , 1497.34 
 2260 , 1464.96 
 2261 , 1418.53 
 2262 , 1383.1 
 2263 , 1364.42 
 2264 , 1372.44 
 2265 , 1412.52 
 2266 , 1459.96 
 2267 , 1488.88 
 2268 , 1488.6 
 2269 , 1460.63 
 2270 , 1425.56 
 2271 , 1403.01 
 2272 , 1404.98 
 2273 , 1421.23 
 2274 , 1434.64 
 2275 , 1441.34 
 2276 , 1442.82 
 2277 , 1445.13 
 2278 , 1444.46 
 2279 , 1423.86 
 2280 , 1395.09 
 2281 , 1389.43 
 2282 , 1389.84 
 2283 , 1369.59 
 2284 , 1365.4 
 2285 , 1403.34 
 2286 , 1443.36 
 2287 , 1451.23 
 2288 , 1415.21 
 2289 , 1349.72 
 2290 , 1285.64 
 2291 , 1221.24 
 2292 , 1149.74 
 2293 , 1108.61 
 2294 , 1118.43 
 2295 , 1137.84 
 2296 , 1149.76 
 2297 , 1176.29 
 2298 , 1206.92 
 2299 , 1212.73 
 2300 , 1218.76 
 2301 , 1258.32 
 2302 , 1309.97 
 2303 , 1351.11 
 2304 , 1381.92 
 2305 , 1404.25 
 2306 , 1418.16 
 2307 , 1417.4 
 2308 , 1396.03 
 2309 , 1376.53 
 2310 , 1381.74 
 2311 , 1398.17 
 2312 , 1408.99 
 2313 , 1405.48 
 2314 , 1380 
 2315 , 1326.4 
 2316 , 1249.62 
 2317 , 1164.22 
 2318 , 1104.84 
 2319 , 1095.56 
 2320 , 1103.6 
 2321 , 1105.79 
 2322 , 1115.96 
 2323 , 1135.76 
 2324 , 1151.62 
 2325 , 1170.1 
 2326 , 1205.06 
 2327 , 1238.9 
 2328 , 1249.85 
 2329 , 1233.45 
 2330 , 1202.94 
 2331 , 1193.67 
 2332 , 1205.41 
 2333 , 1206.55 
 2334 , 1191.48 
 2335 , 1165.32 
 2336 , 1115.42 
 2337 , 1037.74 
 2338 , 961.22 
 2339 , 907.77 
