02-27-2024,16:12:41
Wavenumber(cm-1),Intensity
 250 , 3177.69 
 251 , 3177.69 
 252 , 3167.59 
 253 , 3159.1 
 254 , 3148.35 
 255 , 3131.78 
 256 , 3111.97 
 257 , 3094.54 
 258 , 3080.96 
 259 , 3066.46 
 260 , 3047.92 
 261 , 3031.16 
 262 , 3023.78 
 263 , 3024.32 
 264 , 3024.19 
 265 , 3018.35 
 266 , 3010.21 
 267 , 3003.71 
 268 , 2998.23 
 269 , 2991.17 
 270 , 2982.58 
 271 , 2975.78 
 272 , 2973 
 273 , 2971.4 
 274 , 2967.08 
 275 , 2960.41 
 276 , 2955.18 
 277 , 2953.63 
 278 , 2954.07 
 279 , 2954.49 
 280 , 2954.9 
 281 , 2956.27 
 282 , 2958.82 
 283 , 2961.7 
 284 , 2963.89 
 285 , 2963.62 
 286 , 2959.07 
 287 , 2951.34 
 288 , 2943.69 
 289 , 2937.74 
 290 , 2931.83 
 291 , 2924.41 
 292 , 2916.26 
 293 , 2908.74 
 294 , 2901.51 
 295 , 2893.15 
 296 , 2883.48 
 297 , 2874.92 
 298 , 2869.4 
 299 , 2866.92 
 300 , 2867.44 
 301 , 2871.05 
 302 , 2876.32 
 303 , 2880.96 
 304 , 2882.68 
 305 , 2880.14 
 306 , 2875.06 
 307 , 2871.76 
 308 , 2872.99 
 309 , 2876.83 
 310 , 2880.95 
 311 , 2884.2 
 312 , 2886.12 
 313 , 2886.56 
 314 , 2886.31 
 315 , 2886.47 
 316 , 2888.75 
 317 , 2894.4 
 318 , 2903.36 
 319 , 2914.76 
 320 , 2927.14 
 321 , 2936.23 
 322 , 2937.31 
 323 , 2931.14 
 324 , 2922.57 
 325 , 2915.55 
 326 , 2911.03 
 327 , 2908.34 
 328 , 2905.46 
 329 , 2901.24 
 330 , 2896.91 
 331 , 2895.05 
 332 , 2896.58 
 333 , 2899.25 
 334 , 2900.67 
 335 , 2898.85 
 336 , 2891.84 
 337 , 2880.66 
 338 , 2870.38 
 339 , 2864.59 
 340 , 2860.56 
 341 , 2854.9 
 342 , 2849.18 
 343 , 2847.72 
 344 , 2850.49 
 345 , 2850.48 
 346 , 2842.57 
 347 , 2831.75 
 348 , 2825.5 
 349 , 2825.7 
 350 , 2829.9 
 351 , 2836.89 
 352 , 2844.71 
 353 , 2849.62 
 354 , 2851.3 
 355 , 2853.09 
 356 , 2858.54 
 357 , 2868.48 
 358 , 2880.87 
 359 , 2891.31 
 360 , 2896.98 
 361 , 2898.14 
 362 , 2895.24 
 363 , 2887.34 
 364 , 2875.58 
 365 , 2863.5 
 366 , 2855.49 
 367 , 2854.38 
 368 , 2858.73 
 369 , 2864.8 
 370 , 2870.64 
 371 , 2874.49 
 372 , 2873.96 
 373 , 2869.64 
 374 , 2864.59 
 375 , 2861.31 
 376 , 2860.04 
 377 , 2860.21 
 378 , 2861.31 
 379 , 2863.35 
 380 , 2866.86 
 381 , 2872.19 
 382 , 2878.2 
 383 , 2881.7 
 384 , 2880.77 
 385 , 2881.65 
 386 , 2893.17 
 387 , 2914.14 
 388 , 2932.9 
 389 , 2941.73 
 390 , 2944.95 
 391 , 2947.87 
 392 , 2946.62 
 393 , 2932.68 
 394 , 2906.56 
 395 , 2882.11 
 396 , 2870.47 
 397 , 2867.62 
 398 , 2866.38 
 399 , 2865.67 
 400 , 2868.16 
 401 , 2873.77 
 402 , 2878.37 
 403 , 2879.08 
 404 , 2879.82 
 405 , 2886.15 
 406 , 2897.77 
 407 , 2909.51 
 408 , 2917.67 
 409 , 2921.47 
 410 , 2920.44 
 411 , 2915.56 
 412 , 2909.01 
 413 , 2906.06 
 414 , 2914.87 
 415 , 2938.24 
 416 , 2962.22 
 417 , 2971.41 
 418 , 2967.49 
 419 , 2961.36 
 420 , 2955.19 
 421 , 2938.87 
 422 , 2906.18 
 423 , 2870.49 
 424 , 2848.99 
 425 , 2842.82 
 426 , 2841.41 
 427 , 2838.22 
 428 , 2834.88 
 429 , 2833.59 
 430 , 2834.51 
 431 , 2837.06 
 432 , 2840 
 433 , 2841.72 
 434 , 2841.79 
 435 , 2842.72 
 436 , 2846.8 
 437 , 2852.33 
 438 , 2855.95 
 439 , 2856.86 
 440 , 2857.23 
 441 , 2858.98 
 442 , 2862.97 
 443 , 2869.81 
 444 , 2879.41 
 445 , 2891.3 
 446 , 2904.45 
 447 , 2917.18 
 448 , 2927.81 
 449 , 2934.54 
 450 , 2935.74 
 451 , 2933.29 
 452 , 2931.6 
 453 , 2932.14 
 454 , 2930.98 
 455 , 2924.7 
 456 , 2915.56 
 457 , 2907.34 
 458 , 2899.93 
 459 , 2889.8 
 460 , 2875.85 
 461 , 2862.38 
 462 , 2853.3 
 463 , 2846.55 
 464 , 2838.14 
 465 , 2828.93 
 466 , 2824.07 
 467 , 2825.69 
 468 , 2828.69 
 469 , 2828.1 
 470 , 2825.94 
 471 , 2826.62 
 472 , 2829.93 
 473 , 2831.21 
 474 , 2828.28 
 475 , 2825.32 
 476 , 2826.51 
 477 , 2830 
 478 , 2831.57 
 479 , 2830.04 
 480 , 2827.44 
 481 , 2825.36 
 482 , 2823.79 
 483 , 2822.42 
 484 , 2821.48 
 485 , 2821.63 
 486 , 2823.75 
 487 , 2828.54 
 488 , 2836.03 
 489 , 2844.49 
 490 , 2852.2 
 491 , 2858.85 
 492 , 2864.8 
 493 , 2870 
 494 , 2873.62 
 495 , 2874.66 
 496 , 2872.53 
 497 , 2867.12 
 498 , 2858.81 
 499 , 2847.68 
 500 , 2833.98 
 501 , 2818.87 
 502 , 2803.95 
 503 , 2791.07 
 504 , 2781.8 
 505 , 2777 
 506 , 2777.4 
 507 , 2782.09 
 508 , 2787.4 
 509 , 2790.03 
 510 , 2789.53 
 511 , 2786.33 
 512 , 2781.56 
 513 , 2776.59 
 514 , 2772.58 
 515 , 2771.01 
 516 , 2773.17 
 517 , 2777.96 
 518 , 2783.16 
 519 , 2786.37 
 520 , 2785.7 
 521 , 2781.21 
 522 , 2775.36 
 523 , 2769.92 
 524 , 2764.54 
 525 , 2758.82 
 526 , 2753.41 
 527 , 2749.16 
 528 , 2746.02 
 529 , 2743.49 
 530 , 2741.39 
 531 , 2739.13 
 532 , 2735.61 
 533 , 2731.24 
 534 , 2727.63 
 535 , 2725.54 
 536 , 2724.16 
 537 , 2722.7 
 538 , 2721.34 
 539 , 2720.55 
 540 , 2720.09 
 541 , 2719.13 
 542 , 2717.72 
 543 , 2717.2 
 544 , 2718.72 
 545 , 2722.63 
 546 , 2729.25 
 547 , 2738.15 
 548 , 2748.25 
 549 , 2757.54 
 550 , 2763.09 
 551 , 2763.64 
 552 , 2763.03 
 553 , 2764.87 
 554 , 2765.89 
 555 , 2760.13 
 556 , 2747.74 
 557 , 2735.61 
 558 , 2727.8 
 559 , 2720.27 
 560 , 2709.22 
 561 , 2698.62 
 562 , 2695.61 
 563 , 2702.01 
 564 , 2713.51 
 565 , 2726.54 
 566 , 2739.98 
 567 , 2753.09 
 568 , 2765.1 
 569 , 2775.38 
 570 , 2782.9 
 571 , 2785.74 
 572 , 2782.91 
 573 , 2776.66 
 574 , 2769.78 
 575 , 2762.45 
 576 , 2753.04 
 577 , 2741.18 
 578 , 2729.33 
 579 , 2720.27 
 580 , 2714.32 
 581 , 2709.69 
 582 , 2703.32 
 583 , 2693.6 
 584 , 2682.2 
 585 , 2671.83 
 586 , 2663.02 
 587 , 2654.81 
 588 , 2647.74 
 589 , 2643.23 
 590 , 2641.31 
 591 , 2641.03 
 592 , 2642.12 
 593 , 2645.2 
 594 , 2650.8 
 595 , 2658.21 
 596 , 2664.55 
 597 , 2667.17 
 598 , 2666.09 
 599 , 2662.37 
 600 , 2656.87 
 601 , 2651.06 
 602 , 2647.37 
 603 , 2649.72 
 604 , 2661.42 
 605 , 2679.39 
 606 , 2696.81 
 607 , 2709.45 
 608 , 2716.96 
 609 , 2719.78 
 610 , 2718.71 
 611 , 2714.42 
 612 , 2708.3 
 613 , 2702.44 
 614 , 2698.06 
 615 , 2694.73 
 616 , 2691.99 
 617 , 2690.76 
 618 , 2691.97 
 619 , 2694.3 
 620 , 2695.89 
 621 , 2696.3 
 622 , 2696.08 
 623 , 2695.56 
 624 , 2694.58 
 625 , 2692.9 
 626 , 2691.2 
 627 , 2690.83 
 628 , 2692.43 
 629 , 2695.28 
 630 , 2697.81 
 631 , 2698.54 
 632 , 2697 
 633 , 2693.26 
 634 , 2686.94 
 635 , 2679.54 
 636 , 2674.06 
 637 , 2672.87 
 638 , 2677.34 
 639 , 2687.44 
 640 , 2699.79 
 641 , 2711.25 
 642 , 2726.21 
 643 , 2752.13 
 644 , 2788.48 
 645 , 2827.13 
 646 , 2862.01 
 647 , 2892.25 
 648 , 2916.44 
 649 , 2926.17 
 650 , 2911.54 
 651 , 2875.96 
 652 , 2832.36 
 653 , 2790 
 654 , 2751.82 
 655 , 2720.08 
 656 , 2697.79 
 657 , 2687.7 
 658 , 2685.81 
 659 , 2684.6 
 660 , 2681.38 
 661 , 2678.86 
 662 , 2678.4 
 663 , 2677.83 
 664 , 2675.34 
 665 , 2671.91 
 666 , 2668.99 
 667 , 2667.84 
 668 , 2670.11 
 669 , 2675.87 
 670 , 2682.24 
 671 , 2686.88 
 672 , 2689.98 
 673 , 2691.61 
 674 , 2691.11 
 675 , 2688.24 
 676 , 2683.52 
 677 , 2677.08 
 678 , 2669.63 
 679 , 2665.94 
 680 , 2670.93 
 681 , 2679.91 
 682 , 2684.35 
 683 , 2682.62 
 684 , 2678.84 
 685 , 2675.52 
 686 , 2672.41 
 687 , 2670.06 
 688 , 2671.8 
 689 , 2680.58 
 690 , 2693.95 
 691 , 2707.03 
 692 , 2716.23 
 693 , 2718.81 
 694 , 2713.51 
 695 , 2703.76 
 696 , 2694.06 
 697 , 2688.64 
 698 , 2691.11 
 699 , 2699.52 
 700 , 2707.56 
 701 , 2711.2 
 702 , 2710.44 
 703 , 2705.93 
 704 , 2699.52 
 705 , 2693.5 
 706 , 2689.02 
 707 , 2686.33 
 708 , 2685.83 
 709 , 2688.31 
 710 , 2693.26 
 711 , 2696.82 
 712 , 2695.84 
 713 , 2693.7 
 714 , 2695.65 
 715 , 2701.91 
 716 , 2709.14 
 717 , 2716.51 
 718 , 2727.08 
 719 , 2742.52 
 720 , 2759.06 
 721 , 2772.65 
 722 , 2785 
 723 , 2799.74 
 724 , 2815.21 
 725 , 2825.72 
 726 , 2829.57 
 727 , 2831.5 
 728 , 2834.47 
 729 , 2834.97 
 730 , 2829.62 
 731 , 2820.61 
 732 , 2811.6 
 733 , 2804.17 
 734 , 2799.36 
 735 , 2797.06 
 736 , 2792.29 
 737 , 2780.39 
 738 , 2765.06 
 739 , 2752.27 
 740 , 2740.14 
 741 , 2721.67 
 742 , 2698.66 
 743 , 2684.86 
 744 , 2688.71 
 745 , 2701.76 
 746 , 2714.22 
 747 , 2725.13 
 748 , 2736.54 
 749 , 2746.07 
 750 , 2747.86 
 751 , 2740.98 
 752 , 2732.67 
 753 , 2728.82 
 754 , 2727.9 
 755 , 2727.12 
 756 , 2726.24 
 757 , 2726.12 
 758 , 2725.47 
 759 , 2721.02 
 760 , 2712.14 
 761 , 2703.27 
 762 , 2698.05 
 763 , 2694.44 
 764 , 2689.2 
 765 , 2683.65 
 766 , 2682 
 767 , 2684.31 
 768 , 2685.08 
 769 , 2682.09 
 770 , 2682.33 
 771 , 2692.1 
 772 , 2704.94 
 773 , 2710.45 
 774 , 2708.14 
 775 , 2704.69 
 776 , 2703.14 
 777 , 2700.37 
 778 , 2694.83 
 779 , 2691.59 
 780 , 2695.82 
 781 , 2704.8 
 782 , 2713.11 
 783 , 2718.14 
 784 , 2719.4 
 785 , 2717.23 
 786 , 2712.5 
 787 , 2707.07 
 788 , 2705.12 
 789 , 2709.95 
 790 , 2719.24 
 791 , 2729.17 
 792 , 2738.44 
 793 , 2747.33 
 794 , 2755.07 
 795 , 2759.43 
 796 , 2758.98 
 797 , 2754.77 
 798 , 2748.93 
 799 , 2745.67 
 800 , 2748.9 
 801 , 2756.61 
 802 , 2763.59 
 803 , 2767.53 
 804 , 2769.51 
 805 , 2769.36 
 806 , 2763.67 
 807 , 2750.49 
 808 , 2736.32 
 809 , 2729.55 
 810 , 2733.44 
 811 , 2748.14 
 812 , 2769.76 
 813 , 2790.35 
 814 , 2803.98 
 815 , 2809.17 
 816 , 2806.06 
 817 , 2798.32 
 818 , 2790.68 
 819 , 2791.97 
 820 , 2812.38 
 821 , 2846 
 822 , 2871.88 
 823 , 2878.3 
 824 , 2870.95 
 825 , 2855.08 
 826 , 2828.17 
 827 , 2788.01 
 828 , 2746.31 
 829 , 2719.92 
 830 , 2712.42 
 831 , 2716.39 
 832 , 2724.29 
 833 , 2729.25 
 834 , 2727.8 
 835 , 2725.58 
 836 , 2728.06 
 837 , 2730.85 
 838 , 2726.94 
 839 , 2719.54 
 840 , 2718.41 
 841 , 2725.35 
 842 , 2732.03 
 843 , 2733.3 
 844 , 2733.07 
 845 , 2735.09 
 846 , 2736.03 
 847 , 2731.16 
 848 , 2723.49 
 849 , 2720.24 
 850 , 2722.48 
 851 , 2724.56 
 852 , 2723.63 
 853 , 2722.96 
 854 , 2725.45 
 855 , 2729.45 
 856 , 2732.64 
 857 , 2735.85 
 858 , 2741.19 
 859 , 2746.47 
 860 , 2745.84 
 861 , 2737.45 
 862 , 2725.81 
 863 , 2714.34 
 864 , 2701.71 
 865 , 2686.95 
 866 , 2675.94 
 867 , 2676.16 
 868 , 2685.92 
 869 , 2697.68 
 870 , 2707.35 
 871 , 2715.02 
 872 , 2720.15 
 873 , 2720.43 
 874 , 2714.34 
 875 , 2704.45 
 876 , 2694.5 
 877 , 2689.81 
 878 , 2695.98 
 879 , 2710.85 
 880 , 2725.72 
 881 , 2735.62 
 882 , 2741.54 
 883 , 2743.63 
 884 , 2738.43 
 885 , 2723.61 
 886 , 2705.89 
 887 , 2694.22 
 888 , 2690 
 889 , 2690.18 
 890 , 2693.17 
 891 , 2699.04 
 892 , 2706.95 
 893 , 2714.42 
 894 , 2719.2 
 895 , 2720.12 
 896 , 2716.53 
 897 , 2709.92 
 898 , 2702.73 
 899 , 2696.62 
 900 , 2692.47 
 901 , 2692.01 
 902 , 2698.17 
 903 , 2711.54 
 904 , 2726.95 
 905 , 2739.3 
 906 , 2747.44 
 907 , 2751.44 
 908 , 2752.18 
 909 , 2750.74 
 910 , 2749.29 
 911 , 2751.28 
 912 , 2757.89 
 913 , 2766.44 
 914 , 2774.22 
 915 , 2780.11 
 916 , 2783.39 
 917 , 2782.21 
 918 , 2774.66 
 919 , 2762.78 
 920 , 2750.72 
 921 , 2739.52 
 922 , 2727.29 
 923 , 2714.79 
 924 , 2707.28 
 925 , 2707.98 
 926 , 2713.45 
 927 , 2719.15 
 928 , 2721.38 
 929 , 2717.46 
 930 , 2709.51 
 931 , 2701.61 
 932 , 2695.53 
 933 , 2691.51 
 934 , 2690.27 
 935 , 2692.35 
 936 , 2696.83 
 937 , 2699.79 
 938 , 2697.79 
 939 , 2691.08 
 940 , 2681.12 
 941 , 2671.08 
 942 , 2664.91 
 943 , 2662.98 
 944 , 2662.45 
 945 , 2662.06 
 946 , 2662.6 
 947 , 2664.11 
 948 , 2665.16 
 949 , 2664.79 
 950 , 2664.03 
 951 , 2664.18 
 952 , 2664.89 
 953 , 2665.38 
 954 , 2667.3 
 955 , 2673.83 
 956 , 2684.15 
 957 , 2692.83 
 958 , 2697.08 
 959 , 2699.62 
 960 , 2702.75 
 961 , 2705.22 
 962 , 2705.24 
 963 , 2703.4 
 964 , 2701.2 
 965 , 2697.55 
 966 , 2689.54 
 967 , 2678.25 
 968 , 2669.32 
 969 , 2665.74 
 970 , 2665.02 
 971 , 2665.75 
 972 , 2671.97 
 973 , 2686.52 
 974 , 2701.84 
 975 , 2708.55 
 976 , 2707.3 
 977 , 2703.28 
 978 , 2698.27 
 979 , 2691.81 
 980 , 2686.64 
 981 , 2689.45 
 982 , 2703.57 
 983 , 2724.81 
 984 , 2748.24 
 985 , 2769.22 
 986 , 2783.27 
 987 , 2787.04 
 988 , 2778.22 
 989 , 2761.14 
 990 , 2744.22 
 991 , 2730.87 
 992 , 2719.25 
 993 , 2708.99 
 994 , 2702.11 
 995 , 2699.37 
 996 , 2698.47 
 997 , 2697.53 
 998 , 2696.91 
 999 , 2697.36 
 1000 , 2698.49 
 1001 , 2699.11 
 1002 , 2698.18 
 1003 , 2695.28 
 1004 , 2692.24 
 1005 , 2692.84 
 1006 , 2698.05 
 1007 , 2704.79 
 1008 , 2710.76 
 1009 , 2715.28 
 1010 , 2716.89 
 1011 , 2713.06 
 1012 , 2702.46 
 1013 , 2689.09 
 1014 , 2678.38 
 1015 , 2670.79 
 1016 , 2664.02 
 1017 , 2659.29 
 1018 , 2661.04 
 1019 , 2670.51 
 1020 , 2683.79 
 1021 , 2697.11 
 1022 , 2707.66 
 1023 , 2713.19 
 1024 , 2714.18 
 1025 , 2711.9 
 1026 , 2707.26 
 1027 , 2700.92 
 1028 , 2694 
 1029 , 2688.52 
 1030 , 2685.35 
 1031 , 2682.95 
 1032 , 2679.47 
 1033 , 2674.94 
 1034 , 2670.79 
 1035 , 2667.86 
 1036 , 2665.38 
 1037 , 2663.94 
 1038 , 2666.47 
 1039 , 2675.32 
 1040 , 2690.31 
 1041 , 2705.38 
 1042 , 2712.45 
 1043 , 2710.14 
 1044 , 2702.33 
 1045 , 2692.5 
 1046 , 2684.83 
 1047 , 2683.26 
 1048 , 2688.95 
 1049 , 2700.51 
 1050 , 2710.9 
 1051 , 2713.39 
 1052 , 2708.18 
 1053 , 2698.18 
 1054 , 2689.02 
 1055 , 2687.35 
 1056 , 2693.68 
 1057 , 2704.05 
 1058 , 2714.41 
 1059 , 2719.99 
 1060 , 2717.88 
 1061 , 2709.72 
 1062 , 2699.16 
 1063 , 2691.93 
 1064 , 2691.4 
 1065 , 2692.98 
 1066 , 2691.85 
 1067 , 2689.09 
 1068 , 2686.75 
 1069 , 2682.96 
 1070 , 2674.92 
 1071 , 2665.63 
 1072 , 2661.79 
 1073 , 2664.89 
 1074 , 2670.95 
 1075 , 2677.9 
 1076 , 2686.53 
 1077 , 2696.22 
 1078 , 2703.45 
 1079 , 2706.31 
 1080 , 2708.85 
 1081 , 2714.84 
 1082 , 2720.47 
 1083 , 2720.2 
 1084 , 2716.23 
 1085 , 2714.37 
 1086 , 2714.51 
 1087 , 2712.56 
 1088 , 2708.6 
 1089 , 2706.64 
 1090 , 2708.21 
 1091 , 2711.51 
 1092 , 2715.86 
 1093 , 2722.08 
 1094 , 2730.05 
 1095 , 2738.23 
 1096 , 2745.17 
 1097 , 2747.3 
 1098 , 2740.42 
 1099 , 2725.97 
 1100 , 2708.7 
 1101 , 2692.47 
 1102 , 2679.7 
 1103 , 2672.01 
 1104 , 2670.9 
 1105 , 2674.77 
 1106 , 2677.37 
 1107 , 2674.95 
 1108 , 2670 
 1109 , 2664.95 
 1110 , 2659.33 
 1111 , 2653.16 
 1112 , 2650.86 
 1113 , 2656.46 
 1114 , 2665.43 
 1115 , 2671.4 
 1116 , 2674.77 
 1117 , 2678.59 
 1118 , 2682.9 
 1119 , 2686.39 
 1120 , 2689.16 
 1121 , 2691.88 
 1122 , 2693.67 
 1123 , 2692.28 
 1124 , 2686.51 
 1125 , 2676.77 
 1126 , 2664.86 
 1127 , 2656.05 
 1128 , 2654.37 
 1129 , 2656.76 
 1130 , 2658.95 
 1131 , 2658.96 
 1132 , 2655.96 
 1133 , 2652.17 
 1134 , 2651.22 
 1135 , 2654.44 
 1136 , 2661.28 
 1137 , 2669.6 
 1138 , 2676.03 
 1139 , 2677.7 
 1140 , 2672.31 
 1141 , 2662.42 
 1142 , 2658.2 
 1143 , 2665.25 
 1144 , 2677.69 
 1145 , 2690.36 
 1146 , 2704.64 
 1147 , 2720.75 
 1148 , 2730.22 
 1149 , 2725.49 
 1150 , 2715.51 
 1151 , 2713.16 
 1152 , 2717.65 
 1153 , 2722.46 
 1154 , 2727.84 
 1155 , 2737.91 
 1156 , 2751.46 
 1157 , 2762.95 
 1158 , 2771.13 
 1159 , 2779.58 
 1160 , 2788.1 
 1161 , 2790.46 
 1162 , 2783.5 
 1163 , 2771.17 
 1164 , 2756.97 
 1165 , 2740.86 
 1166 , 2723.67 
 1167 , 2711.22 
 1168 , 2708.5 
 1169 , 2711.44 
 1170 , 2714.03 
 1171 , 2715.37 
 1172 , 2716.26 
 1173 , 2715.2 
 1174 , 2709.79 
 1175 , 2701.37 
 1176 , 2693.74 
 1177 , 2688.95 
 1178 , 2687.44 
 1179 , 2689.35 
 1180 , 2694.52 
 1181 , 2700.93 
 1182 , 2703.81 
 1183 , 2700.93 
 1184 , 2695.53 
 1185 , 2689.73 
 1186 , 2681.23 
 1187 , 2669.01 
 1188 , 2658.8 
 1189 , 2655.39 
 1190 , 2653.03 
 1191 , 2644.84 
 1192 , 2634.55 
 1193 , 2629.09 
 1194 , 2630.21 
 1195 , 2637.24 
 1196 , 2648.37 
 1197 , 2660.94 
 1198 , 2673.31 
 1199 , 2684.83 
 1200 , 2694.42 
 1201 , 2700.39 
 1202 , 2703.93 
 1203 , 2710.01 
 1204 , 2719.16 
 1205 , 2724.44 
 1206 , 2722.14 
 1207 , 2716.16 
 1208 , 2709.57 
 1209 , 2700.92 
 1210 , 2689.33 
 1211 , 2678.06 
 1212 , 2670.04 
 1213 , 2663.5 
 1214 , 2656.14 
 1215 , 2649.2 
 1216 , 2645.05 
 1217 , 2645.72 
 1218 , 2652.64 
 1219 , 2663.45 
 1220 , 2674.19 
 1221 , 2684.26 
 1222 , 2695.03 
 1223 , 2706.4 
 1224 , 2717.17 
 1225 , 2727.18 
 1226 , 2737.15 
 1227 , 2746.31 
 1228 , 2752.13 
 1229 , 2752.76 
 1230 , 2747.34 
 1231 , 2737.18 
 1232 , 2727.04 
 1233 , 2719.05 
 1234 , 2709.48 
 1235 , 2697.3 
 1236 , 2689.66 
 1237 , 2691.15 
 1238 , 2694.92 
 1239 , 2693.96 
 1240 , 2688.46 
 1241 , 2679.91 
 1242 , 2668.65 
 1243 , 2655.39 
 1244 , 2644.37 
 1245 , 2640.09 
 1246 , 2641.5 
 1247 , 2645.65 
 1248 , 2651.8 
 1249 , 2659.95 
 1250 , 2667.49 
 1251 , 2670.74 
 1252 , 2671.09 
 1253 , 2673.01 
 1254 , 2675.78 
 1255 , 2674.67 
 1256 , 2669.15 
 1257 , 2662.75 
 1258 , 2657.24 
 1259 , 2652.28 
 1260 , 2648.12 
 1261 , 2645.87 
 1262 , 2645.67 
 1263 , 2645.9 
 1264 , 2646.31 
 1265 , 2649.72 
 1266 , 2656.67 
 1267 , 2661.8 
 1268 , 2662.17 
 1269 , 2663.28 
 1270 , 2669.14 
 1271 , 2675.11 
 1272 , 2677.27 
 1273 , 2679.8 
 1274 , 2686.41 
 1275 , 2691.5 
 1276 , 2689.29 
 1277 , 2684.42 
 1278 , 2683.16 
 1279 , 2684.28 
 1280 , 2684.58 
 1281 , 2684.72 
 1282 , 2686.49 
 1283 , 2688.85 
 1284 , 2690.01 
 1285 , 2693.07 
 1286 , 2702.85 
 1287 , 2714.75 
 1288 , 2719.35 
 1289 , 2717.89 
 1290 , 2718.26 
 1291 , 2718.69 
 1292 , 2710.64 
 1293 , 2696.59 
 1294 , 2688.23 
 1295 , 2691.22 
 1296 , 2705.09 
 1297 , 2724.23 
 1298 , 2738.23 
 1299 , 2744.29 
 1300 , 2748.76 
 1301 , 2751.25 
 1302 , 2742.02 
 1303 , 2720.66 
 1304 , 2701.01 
 1305 , 2691.1 
 1306 , 2687.82 
 1307 , 2689.02 
 1308 , 2696.07 
 1309 , 2707.41 
 1310 , 2715.1 
 1311 , 2713.98 
 1312 , 2706.56 
 1313 , 2697.76 
 1314 , 2695.97 
 1315 , 2705.91 
 1316 , 2721.79 
 1317 , 2738.21 
 1318 , 2755.41 
 1319 , 2771.53 
 1320 , 2775.35 
 1321 , 2759.59 
 1322 , 2736.22 
 1323 , 2719.58 
 1324 , 2718.03 
 1325 , 2734.84 
 1326 , 2758.83 
 1327 , 2778.69 
 1328 , 2798.05 
 1329 , 2821.28 
 1330 , 2837.85 
 1331 , 2836.53 
 1332 , 2823.97 
 1333 , 2810 
 1334 , 2792.04 
 1335 , 2765.46 
 1336 , 2737.38 
 1337 , 2717.46 
 1338 , 2705.65 
 1339 , 2699.15 
 1340 , 2700.88 
 1341 , 2713.54 
 1342 , 2722.45 
 1343 , 2710.11 
 1344 , 2692.65 
 1345 , 2696.68 
 1346 , 2712.96 
 1347 , 2718.59 
 1348 , 2716.92 
 1349 , 2721.93 
 1350 , 2727.22 
 1351 , 2718 
 1352 , 2699.14 
 1353 , 2685.08 
 1354 , 2680.95 
 1355 , 2685.98 
 1356 , 2691.92 
 1357 , 2687.79 
 1358 , 2677.73 
 1359 , 2673.69 
 1360 , 2675.47 
 1361 , 2676.2 
 1362 , 2678.76 
 1363 , 2691.38 
 1364 , 2712.61 
 1365 , 2734.66 
 1366 , 2750.49 
 1367 , 2754.48 
 1368 , 2749.6 
 1369 , 2743.8 
 1370 , 2739.29 
 1371 , 2734.86 
 1372 , 2733.42 
 1373 , 2739.99 
 1374 , 2751.41 
 1375 , 2759.38 
 1376 , 2759.62 
 1377 , 2750.78 
 1378 , 2734.99 
 1379 , 2716.96 
 1380 , 2701.19 
 1381 , 2691.52 
 1382 , 2686.78 
 1383 , 2682.7 
 1384 , 2677.03 
 1385 , 2668.81 
 1386 , 2657.56 
 1387 , 2643.72 
 1388 , 2633.49 
 1389 , 2635.8 
 1390 , 2645.52 
 1391 , 2649.03 
 1392 , 2644.64 
 1393 , 2638.51 
 1394 , 2632.37 
 1395 , 2625.36 
 1396 , 2623.9 
 1397 , 2637.79 
 1398 , 2661.47 
 1399 , 2680.54 
 1400 , 2688.72 
 1401 , 2685.14 
 1402 , 2674.17 
 1403 , 2662.84 
 1404 , 2653.8 
 1405 , 2646.94 
 1406 , 2641.93 
 1407 , 2638.68 
 1408 , 2638.81 
 1409 , 2644.33 
 1410 , 2656.53 
 1411 , 2676.61 
 1412 , 2705.2 
 1413 , 2741.22 
 1414 , 2774.47 
 1415 , 2792.5 
 1416 , 2792.99 
 1417 , 2778.37 
 1418 , 2756.57 
 1419 , 2736.67 
 1420 , 2720.06 
 1421 , 2705.82 
 1422 , 2698.17 
 1423 , 2701.23 
 1424 , 2706.57 
 1425 , 2706.47 
 1426 , 2719.42 
 1427 , 2762.34 
 1428 , 2805.41 
 1429 , 2820.46 
 1430 , 2845.66 
 1431 , 2914.71 
 1432 , 2973.07 
 1433 , 2970.74 
 1434 , 2953.39 
 1435 , 2962.44 
 1436 , 2953.33 
 1437 , 2892.2 
 1438 , 2830.77 
 1439 , 2811.54 
 1440 , 2807.95 
 1441 , 2795.43 
 1442 , 2783.33 
 1443 , 2779.93 
 1444 , 2779.23 
 1445 , 2775.69 
 1446 , 2768.83 
 1447 , 2758.75 
 1448 , 2745.25 
 1449 , 2728.95 
 1450 , 2712.77 
 1451 , 2702.74 
 1452 , 2708.02 
 1453 , 2728.63 
 1454 , 2752.75 
 1455 , 2773.3 
 1456 , 2789.53 
 1457 , 2796.92 
 1458 , 2787.08 
 1459 , 2764.17 
 1460 , 2744.55 
 1461 , 2734.44 
 1462 , 2730.06 
 1463 , 2727.79 
 1464 , 2724.97 
 1465 , 2719.97 
 1466 , 2711.05 
 1467 , 2695.21 
 1468 , 2670.57 
 1469 , 2643.43 
 1470 , 2623.28 
 1471 , 2614.14 
 1472 , 2616.13 
 1473 , 2622.06 
 1474 , 2624.32 
 1475 , 2625.71 
 1476 , 2629.03 
 1477 , 2625.19 
 1478 , 2608.29 
 1479 , 2592.94 
 1480 , 2590.58 
 1481 , 2590.94 
 1482 , 2586.39 
 1483 , 2584.5 
 1484 , 2589.42 
 1485 , 2594.28 
 1486 , 2594.86 
 1487 , 2592.48 
 1488 , 2588.07 
 1489 , 2583.78 
 1490 , 2581.67 
 1491 , 2581.42 
 1492 , 2582.66 
 1493 , 2586.44 
 1494 , 2590.8 
 1495 , 2589.66 
 1496 , 2581.39 
 1497 , 2569.73 
 1498 , 2561.34 
 1499 , 2563.54 
 1500 , 2569 
 1501 , 2562.38 
 1502 , 2545.1 
 1503 , 2526.96 
 1504 , 2510.68 
 1505 , 2496.8 
 1506 , 2491.42 
 1507 , 2500.07 
 1508 , 2515.28 
 1509 , 2527.84 
 1510 , 2538.39 
 1511 , 2548.3 
 1512 , 2552.82 
 1513 , 2548.75 
 1514 , 2540.28 
 1515 , 2530.05 
 1516 , 2514.94 
 1517 , 2495.77 
 1518 , 2481.61 
 1519 , 2477.55 
 1520 , 2481.76 
 1521 , 2490.04 
 1522 , 2495.91 
 1523 , 2498.54 
 1524 , 2502.59 
 1525 , 2507.81 
 1526 , 2510.17 
 1527 , 2510.03 
 1528 , 2510.65 
 1529 , 2514.41 
 1530 , 2522.59 
 1531 , 2530.84 
 1532 , 2534.12 
 1533 , 2536.7 
 1534 , 2542.91 
 1535 , 2544.02 
 1536 , 2532 
 1537 , 2512.09 
 1538 , 2490.94 
 1539 , 2471.88 
 1540 , 2458.08 
 1541 , 2453.43 
 1542 , 2459.82 
 1543 , 2475.77 
 1544 , 2495.49 
 1545 , 2509.15 
 1546 , 2515.31 
 1547 , 2519.82 
 1548 , 2522.29 
 1549 , 2519.24 
 1550 , 2518.6 
 1551 , 2531.11 
 1552 , 2546.66 
 1553 , 2550.51 
 1554 , 2547.54 
 1555 , 2544.23 
 1556 , 2531.11 
 1557 , 2505.46 
 1558 , 2494.29 
 1559 , 2513.39 
 1560 , 2541.66 
 1561 , 2562.74 
 1562 , 2577.25 
 1563 , 2583.45 
 1564 , 2574.03 
 1565 , 2551.49 
 1566 , 2529.05 
 1567 , 2519.99 
 1568 , 2534.26 
 1569 , 2557.51 
 1570 , 2566.13 
 1571 , 2566.82 
 1572 , 2574.63 
 1573 , 2580.8 
 1574 , 2575.2 
 1575 , 2571.55 
 1576 , 2579.86 
 1577 , 2585.31 
 1578 , 2577.09 
 1579 , 2560.24 
 1580 , 2541.22 
 1581 , 2524.68 
 1582 , 2513.4 
 1583 , 2509.7 
 1584 , 2514.48 
 1585 , 2525.94 
 1586 , 2535.92 
 1587 , 2535.48 
 1588 , 2530.99 
 1589 , 2532.24 
 1590 , 2538.08 
 1591 , 2544.9 
 1592 , 2550.39 
 1593 , 2554.12 
 1594 , 2559.9 
 1595 , 2567.29 
 1596 , 2567.76 
 1597 , 2562.89 
 1598 , 2567.06 
 1599 , 2579.1 
 1600 , 2584.41 
 1601 , 2582.9 
 1602 , 2583.22 
 1603 , 2587.92 
 1604 , 2596.14 
 1605 , 2604.33 
 1606 , 2609.68 
 1607 , 2614.91 
 1608 , 2620.48 
 1609 , 2618.76 
 1610 , 2606.72 
 1611 , 2590.66 
 1612 , 2569.08 
 1613 , 2531.42 
 1614 , 2488.28 
 1615 , 2466.29 
 1616 , 2469.06 
 1617 , 2487.3 
 1618 , 2520.4 
 1619 , 2565.92 
 1620 , 2594.85 
 1621 , 2584.49 
 1622 , 2553.34 
 1623 , 2521.09 
 1624 , 2493.01 
 1625 , 2472.02 
 1626 , 2461.84 
 1627 , 2462.65 
 1628 , 2469.52 
 1629 , 2471.8 
 1630 , 2459.03 
 1631 , 2440.45 
 1632 , 2429.68 
 1633 , 2424.8 
 1634 , 2422.29 
 1635 , 2424.33 
 1636 , 2431.41 
 1637 , 2440.48 
 1638 , 2446.47 
 1639 , 2441.9 
 1640 , 2433.01 
 1641 , 2436.04 
 1642 , 2443.26 
 1643 , 2436.99 
 1644 , 2425.47 
 1645 , 2421.53 
 1646 , 2417.99 
 1647 , 2409.38 
 1648 , 2405.02 
 1649 , 2404.37 
 1650 , 2389.16 
 1651 , 2362.59 
 1652 , 2350.49 
 1653 , 2351.9 
 1654 , 2348.96 
 1655 , 2348.24 
 1656 , 2360.72 
 1657 , 2363 
 1658 , 2337.44 
 1659 , 2313.35 
 1660 , 2309.5 
 1661 , 2309.39 
 1662 , 2308.05 
 1663 , 2318.13 
 1664 , 2336.44 
 1665 , 2348.64 
 1666 , 2360.17 
 1667 , 2383.43 
 1668 , 2412.15 
 1669 , 2435.69 
 1670 , 2450.96 
 1671 , 2456.23 
 1672 , 2447 
 1673 , 2424.65 
 1674 , 2400.29 
 1675 , 2382.72 
 1676 , 2375.63 
 1677 , 2374.57 
 1678 , 2373.54 
 1679 , 2373.71 
 1680 , 2376.58 
 1681 , 2378.45 
 1682 , 2378.1 
 1683 , 2381.48 
 1684 , 2389.22 
 1685 , 2394.14 
 1686 , 2395.32 
 1687 , 2396.65 
 1688 , 2392.13 
 1689 , 2375.23 
 1690 , 2358.05 
 1691 , 2349.45 
 1692 , 2339.39 
 1693 , 2327.57 
 1694 , 2330.86 
 1695 , 2348.8 
 1696 , 2365.39 
 1697 , 2374.24 
 1698 , 2374.42 
 1699 , 2365.19 
 1700 , 2346.51 
 1701 , 2320.67 
 1702 , 2294.17 
 1703 , 2279.09 
 1704 , 2278.31 
 1705 , 2284.68 
 1706 , 2289.73 
 1707 , 2286.57 
 1708 , 2280.89 
 1709 , 2279.34 
 1710 , 2276.83 
 1711 , 2271.71 
 1712 , 2273.39 
 1713 , 2283.44 
 1714 , 2293.22 
 1715 , 2294.4 
 1716 , 2282.73 
 1717 , 2276.73 
 1718 , 2291.88 
 1719 , 2302.06 
 1720 , 2292.03 
 1721 , 2286.3 
 1722 , 2292.89 
 1723 , 2294.99 
 1724 , 2290.11 
 1725 , 2287.04 
 1726 , 2285.34 
 1727 , 2276.83 
 1728 , 2246.12 
 1729 , 2192.99 
 1730 , 2144.56 
 1731 , 2116.26 
 1732 , 2108.55 
 1733 , 2114.83 
 1734 , 2126.8 
 1735 , 2147.97 
 1736 , 2177.05 
 1737 , 2189.16 
 1738 , 2186.59 
 1739 , 2217.34 
 1740 , 2274.43 
 1741 , 2304.98 
 1742 , 2311.24 
 1743 , 2314.26 
 1744 , 2293.99 
 1745 , 2240.88 
 1746 , 2194.2 
 1747 , 2179.4 
 1748 , 2194.21 
 1749 , 2220.27 
 1750 , 2234.75 
 1751 , 2242.47 
 1752 , 2252.36 
 1753 , 2256.18 
 1754 , 2248.66 
 1755 , 2234.45 
 1756 , 2225.01 
 1757 , 2234.84 
 1758 , 2254.44 
 1759 , 2265.73 
 1760 , 2269.74 
 1761 , 2268.76 
 1762 , 2254.24 
 1763 , 2222.82 
 1764 , 2181.5 
 1765 , 2152.97 
 1766 , 2160.65 
 1767 , 2181.03 
 1768 , 2189.38 
 1769 , 2200.12 
 1770 , 2218.73 
 1771 , 2228.35 
 1772 , 2219.24 
 1773 , 2192.95 
 1774 , 2174.45 
 1775 , 2182.61 
 1776 , 2190.25 
 1777 , 2180.81 
 1778 , 2168.64 
 1779 , 2161.33 
 1780 , 2157.87 
 1781 , 2156.75 
 1782 , 2158.87 
 1783 , 2172.39 
 1784 , 2194.63 
 1785 , 2203.14 
 1786 , 2193.65 
 1787 , 2177.69 
 1788 , 2153.84 
 1789 , 2122.39 
 1790 , 2109.16 
 1791 , 2125.04 
 1792 , 2147.87 
 1793 , 2175.71 
 1794 , 2221.31 
 1795 , 2255.97 
 1796 , 2250.97 
 1797 , 2242.92 
 1798 , 2252.53 
 1799 , 2251.17 
 1800 , 2233.82 
 1801 , 2217.33 
 1802 , 2199.55 
 1803 , 2175.59 
 1804 , 2159.19 
 1805 , 2157.34 
 1806 , 2161.06 
 1807 , 2170.96 
 1808 , 2193.44 
 1809 , 2215.75 
 1810 , 2222.85 
 1811 , 2215.57 
 1812 , 2195.89 
 1813 , 2163.55 
 1814 , 2132.29 
 1815 , 2123.33 
 1816 , 2139.42 
 1817 , 2171.37 
 1818 , 2199.18 
 1819 , 2211.26 
 1820 , 2206.53 
 1821 , 2190.43 
 1822 , 2172.46 
 1823 , 2161.39 
 1824 , 2162.07 
 1825 , 2173.31 
 1826 , 2179.31 
 1827 , 2156.61 
 1828 , 2122.06 
 1829 , 2100.96 
 1830 , 2091.14 
 1831 , 2090.5 
 1832 , 2103.72 
 1833 , 2131.54 
 1834 , 2168.44 
 1835 , 2191.31 
 1836 , 2189.44 
 1837 , 2187.8 
 1838 , 2182.08 
 1839 , 2143.81 
 1840 , 2110.04 
 1841 , 2121.57 
 1842 , 2137.73 
 1843 , 2143.73 
 1844 , 2177.2 
 1845 , 2208.84 
 1846 , 2184.21 
 1847 , 2149.48 
 1848 , 2147.59 
 1849 , 2157.09 
 1850 , 2166.32 
 1851 , 2177.8 
 1852 , 2185.99 
 1853 , 2182.93 
 1854 , 2163.74 
 1855 , 2140.22 
 1856 , 2140.76 
 1857 , 2157.42 
 1858 , 2166.4 
 1859 , 2166.69 
 1860 , 2164.48 
 1861 , 2167.44 
 1862 , 2178.57 
 1863 , 2195.66 
 1864 , 2203.91 
 1865 , 2194.39 
 1866 , 2181.64 
 1867 , 2167.86 
 1868 , 2143.64 
 1869 , 2129.09 
 1870 , 2140.27 
 1871 , 2148.72 
 1872 , 2141.36 
 1873 , 2130.5 
 1874 , 2116.87 
 1875 , 2100.52 
 1876 , 2100.48 
 1877 , 2123.56 
 1878 , 2155.57 
 1879 , 2190.46 
 1880 , 2224.31 
 1881 , 2240.12 
 1882 , 2233.89 
 1883 , 2224.22 
 1884 , 2214.26 
 1885 , 2198.8 
 1886 , 2179.58 
 1887 , 2155.77 
 1888 , 2122.77 
 1889 , 2087 
 1890 , 2059.42 
 1891 , 2038.25 
 1892 , 2022.92 
 1893 , 2020.21 
 1894 , 2025.45 
 1895 , 2028.5 
 1896 , 2040.26 
 1897 , 2065.55 
 1898 , 2084.46 
 1899 , 2091.17 
 1900 , 2092.05 
 1901 , 2083.03 
 1902 , 2065.07 
 1903 , 2054.5 
 1904 , 2048.89 
 1905 , 2034.12 
 1906 , 2021.19 
 1907 , 2021.95 
 1908 , 2033.56 
 1909 , 2052.18 
 1910 , 2072.98 
 1911 , 2082.22 
 1912 , 2071.89 
 1913 , 2050.72 
 1914 , 2027.27 
 1915 , 2008.29 
 1916 , 1999.82 
 1917 , 2000.85 
 1918 , 1999.47 
 1919 , 1996.68 
 1920 , 1998.19 
 1921 , 1988.57 
 1922 , 1962.53 
 1923 , 1937.19 
 1924 , 1909.72 
 1925 , 1875.73 
 1926 , 1874.63 
 1927 , 1922.93 
 1928 , 1992.26 
 1929 , 2058.66 
 1930 , 2102.49 
 1931 , 2104.53 
 1932 , 2066.09 
 1933 , 2013.18 
 1934 , 1978.06 
 1935 , 1974.57 
 1936 , 1967.72 
 1937 , 1961.87 
 1938 , 1993.35 
 1939 , 2027.04 
 1940 , 2034.87 
 1941 , 2049.56 
 1942 , 2058.46 
 1943 , 2025.99 
 1944 , 1984.36 
 1945 , 1964.26 
 1946 , 1966.8 
 1947 , 1985.69 
 1948 , 2011.87 
 1949 , 2037.72 
 1950 , 2058.67 
 1951 , 2073.49 
 1952 , 2082.57 
 1953 , 2085.09 
 1954 , 2074.82 
 1955 , 2050.33 
 1956 , 2016.7 
 1957 , 1977.02 
 1958 , 1941.8 
 1959 , 1935.03 
 1960 , 1945.37 
 1961 , 1947.63 
 1962 , 1944.25 
 1963 , 1938.12 
 1964 , 1927.56 
 1965 , 1918.9 
 1966 , 1912.23 
 1967 , 1890.87 
 1968 , 1865.71 
 1969 , 1862.36 
 1970 , 1877.94 
 1971 , 1905.69 
 1972 , 1942.02 
 1973 , 1965.55 
 1974 , 1957.82 
 1975 , 1928.32 
 1976 , 1890.21 
 1977 , 1855.27 
 1978 , 1826.7 
 1979 , 1814.37 
 1980 , 1838.22 
 1981 , 1884.62 
 1982 , 1926.86 
 1983 , 1950.04 
 1984 , 1952.31 
 1985 , 1941.21 
 1986 , 1921.87 
 1987 , 1902.02 
 1988 , 1891.86 
 1989 , 1885.89 
 1990 , 1876.1 
 1991 , 1868.81 
 1992 , 1869.62 
 1993 , 1878.51 
 1994 , 1885.07 
 1995 , 1889.44 
 1996 , 1907.27 
 1997 , 1937.48 
 1998 , 1964.83 
 1999 , 1965.24 
 2000 , 1944.53 
 2001 , 1925.52 
 2002 , 1916 
 2003 , 1915.4 
 2004 , 1916.18 
 2005 , 1914.95 
 2006 , 1904.12 
 2007 , 1868.89 
 2008 , 1839.64 
 2009 , 1847.39 
 2010 , 1851.59 
 2011 , 1844.18 
 2012 , 1853.77 
 2013 , 1892.84 
 2014 , 1942 
 2015 , 1955.31 
 2016 , 1944.04 
 2017 , 1930.18 
 2018 , 1910.38 
 2019 , 1892.5 
 2020 , 1884.18 
 2021 , 1868.49 
 2022 , 1828.66 
 2023 , 1763.14 
 2024 , 1717.74 
 2025 , 1719.44 
 2026 , 1754.71 
 2027 , 1807.68 
 2028 , 1863.43 
 2029 , 1909.55 
 2030 , 1933.75 
 2031 , 1923.93 
 2032 , 1874.43 
 2033 , 1814.28 
 2034 , 1781.02 
 2035 , 1757.05 
 2036 , 1750.64 
 2037 , 1791.95 
 2038 , 1827.07 
 2039 , 1827.34 
 2040 , 1829.57 
 2041 , 1833.91 
 2042 , 1833.34 
 2043 , 1838.96 
 2044 , 1857.22 
 2045 , 1884.72 
 2046 , 1905.42 
 2047 , 1913.45 
 2048 , 1906.89 
 2049 , 1871.89 
 2050 , 1823.29 
 2051 , 1792.22 
 2052 , 1766.3 
 2053 , 1741.67 
 2054 , 1728.68 
 2055 , 1702.12 
 2056 , 1659.04 
 2057 , 1638.34 
 2058 , 1657.22 
 2059 , 1704.02 
 2060 , 1741.63 
 2061 , 1774.57 
 2062 , 1812.51 
 2063 , 1835.66 
 2064 , 1835.57 
 2065 , 1822.06 
 2066 , 1820.63 
 2067 , 1806.57 
 2068 , 1759.44 
 2069 , 1751.42 
 2070 , 1777.59 
 2071 , 1789.69 
 2072 , 1813.05 
 2073 , 1839.81 
 2074 , 1839.4 
 2075 , 1836.4 
 2076 , 1838.94 
 2077 , 1836.09 
 2078 , 1838.65 
 2079 , 1837.39 
 2080 , 1815.33 
 2081 , 1826.01 
 2082 , 1869.2 
 2083 , 1884.99 
 2084 , 1901.01 
 2085 , 1925.1 
 2086 , 1924.48 
 2087 , 1919.49 
 2088 , 1913.14 
 2089 , 1879.02 
 2090 , 1842.08 
 2091 , 1815.76 
 2092 , 1785.98 
 2093 , 1778.7 
 2094 , 1801.74 
 2095 , 1825.1 
 2096 , 1834.32 
 2097 , 1821.19 
 2098 , 1779.92 
 2099 , 1711.94 
 2100 , 1638.21 
 2101 , 1595.9 
 2102 , 1591.77 
 2103 , 1613.32 
 2104 , 1640.44 
 2105 , 1671.28 
 2106 , 1693.22 
 2107 , 1685.93 
 2108 , 1683.81 
 2109 , 1698.67 
 2110 , 1709.12 
 2111 , 1738.11 
 2112 , 1772.54 
 2113 , 1771.49 
 2114 , 1775.98 
 2115 , 1799.18 
 2116 , 1819.23 
 2117 , 1839.03 
 2118 , 1844.32 
 2119 , 1817.59 
 2120 , 1782.55 
 2121 , 1759.15 
 2122 , 1753.05 
 2123 , 1754.35 
 2124 , 1736.69 
 2125 , 1686.59 
 2126 , 1641.88 
 2127 , 1633.06 
 2128 , 1665.99 
 2129 , 1715.6 
 2130 , 1754.87 
 2131 , 1759.25 
 2132 , 1716.77 
 2133 , 1684 
 2134 , 1685.78 
 2135 , 1679.82 
 2136 , 1703.54 
 2137 , 1749.73 
 2138 , 1749.56 
 2139 , 1715.01 
 2140 , 1699.05 
 2141 , 1735.04 
 2142 , 1748.74 
 2143 , 1756.54 
 2144 , 1792.07 
 2145 , 1756.29 
 2146 , 1699.74 
 2147 , 1698.42 
 2148 , 1703.42 
 2149 , 1672.78 
 2150 , 1605.17 
 2151 , 1542.14 
 2152 , 1509.41 
 2153 , 1512.77 
 2154 , 1544.88 
 2155 , 1596.02 
 2156 , 1642.11 
 2157 , 1669.41 
 2158 , 1708.1 
 2159 , 1703.58 
 2160 , 1640.74 
 2161 , 1640.95 
 2162 , 1649.08 
 2163 , 1650.91 
 2164 , 1723.64 
 2165 , 1713.67 
 2166 , 1621.57 
 2167 , 1578.01 
 2168 , 1537.74 
 2169 , 1508.05 
 2170 , 1520.24 
 2171 , 1551.19 
 2172 , 1572.34 
 2173 , 1577.31 
 2174 , 1584.91 
 2175 , 1604.86 
 2176 , 1621.91 
 2177 , 1620.14 
 2178 , 1627.75 
 2179 , 1612 
 2180 , 1569.59 
 2181 , 1583.02 
 2182 , 1599.91 
 2183 , 1596.74 
 2184 , 1614.08 
 2185 , 1629.89 
 2186 , 1637.96 
 2187 , 1642.4 
 2188 , 1626.6 
 2189 , 1573.89 
 2190 , 1498.73 
 2191 , 1438.73 
 2192 , 1383.04 
 2193 , 1354.96 
 2194 , 1383.56 
 2195 , 1441.4 
 2196 , 1516.94 
 2197 , 1580.81 
 2198 , 1593.14 
 2199 , 1598.58 
 2200 , 1601.02 
 2201 , 1593.51 
 2202 , 1619.8 
 2203 , 1619.36 
 2204 , 1581.37 
 2205 , 1564.65 
 2206 , 1510.52 
 2207 , 1466.45 
 2208 , 1483.95 
 2209 , 1489.99 
 2210 , 1510.63 
 2211 , 1535.7 
 2212 , 1518.89 
 2213 , 1508.48 
 2214 , 1499.52 
 2215 , 1481.51 
 2216 , 1479.75 
 2217 , 1483.74 
 2218 , 1482.5 
 2219 , 1475.46 
 2220 , 1464.47 
 2221 , 1424.19 
 2222 , 1376.22 
 2223 , 1366.37 
 2224 , 1354.22 
 2225 , 1387.78 
 2226 , 1462.94 
 2227 , 1501.19 
 2228 , 1665.7 
 2229 , 1833.36 
 2230 , 1865.58 
 2231 , 1930.78 
 2232 , 1855.6 
 2233 , 1675.01 
 2234 , 1582.32 
 2235 , 1527.31 
 2236 , 1487.33 
 2237 , 1468.04 
 2238 , 1468.58 
 2239 , 1464.65 
 2240 , 1470.87 
 2241 , 1501.7 
 2242 , 1527.31 
 2243 , 1472.6 
 2244 , 1414.54 
 2245 , 1396.8 
 2246 , 1350.64 
 2247 , 1347.05 
 2248 , 1333.98 
 2249 , 1307.84 
 2250 , 1382.24 
 2251 , 1388.02 
 2252 , 1366.08 
 2253 , 1401.81 
 2254 , 1423.3 
 2255 , 1487.42 
 2256 , 1539.97 
 2257 , 1528.75 
 2258 , 1521.96 
 2259 , 1500.49 
 2260 , 1460.33 
 2261 , 1403.97 
 2262 , 1319.81 
 2263 , 1243.98 
 2264 , 1222 
 2265 , 1255.62 
 2266 , 1308.88 
 2267 , 1403.63 
 2268 , 1488.77 
 2269 , 1503.68 
 2270 , 1464.87 
 2271 , 1452.59 
 2272 , 1432.61 
 2273 , 1378.54 
 2274 , 1313.65 
 2275 , 1213.38 
 2276 , 1123 
 2277 , 1101.62 
 2278 , 1145.71 
 2279 , 1179.15 
 2280 , 1231.33 
 2281 , 1268.2 
 2282 , 1278.45 
 2283 , 1359.28 
 2284 , 1433.41 
 2285 , 1509.49 
 2286 , 1573.43 
 2287 , 1549.6 
 2288 , 1526.58 
 2289 , 1455.35 
 2290 , 1382.59 
 2291 , 1410.07 
 2292 , 1442.68 
 2293 , 1473.4 
 2294 , 1466.1 
 2295 , 1396.26 
 2296 , 1324.81 
 2297 , 1313.27 
 2298 , 1309.19 
 2299 , 1292.6 
 2300 , 1292.03 
 2301 , 1276.97 
 2302 , 1292.66 
 2303 , 1336.65 
 2304 , 1349.27 
 2305 , 1300.55 
 2306 , 1261.25 
 2307 , 1213.85 
 2308 , 1201.17 
 2309 , 1257.16 
 2310 , 1292.99 
 2311 , 1360.91 
 2312 , 1361.45 
 2313 , 1317.11 
 2314 , 1340.85 
 2315 , 1317.42 
 2316 , 1337.19 
 2317 , 1344.52 
 2318 , 1284.36 
 2319 , 1236.59 
 2320 , 1231.5 
 2321 , 1250.31 
 2322 , 1281.41 
 2323 , 1319.13 
 2324 , 1334.72 
 2325 , 1284.21 
 2326 , 1203.52 
 2327 , 1158.19 
 2328 , 1174.9 
 2329 , 1215.29 
 2330 , 1250.34 
 2331 , 1449.22 
 2332 , 1688.15 
 2333 , 1835.11 
 2334 , 1875.66 
 2335 , 1628.64 
 2336 , 1403.32 
 2337 , 1331.32 
 2338 , 1301.41 
 2339 , 1250.2 
