09-26-2023,10:48:17
Wavenumber(cm-1),Intensity
 250 , 4611.99 
 251 , 4611.99 
 252 , 4574.61 
 253 , 4541.03 
 254 , 4511.81 
 255 , 4487.13 
 256 , 4466.44 
 257 , 4449.16 
 258 , 4435.23 
 259 , 4424.89 
 260 , 4416.44 
 261 , 4405.52 
 262 , 4388.66 
 263 , 4368.91 
 264 , 4351.65 
 265 , 4338.53 
 266 , 4325.8 
 267 , 4309.97 
 268 , 4292.45 
 269 , 4276.65 
 270 , 4264.21 
 271 , 4253.54 
 272 , 4242.8 
 273 , 4231.94 
 274 , 4222.01 
 275 , 4212.82 
 276 , 4201.48 
 277 , 4185.47 
 278 , 4167.32 
 279 , 4151.54 
 280 , 4139.24 
 281 , 4126.64 
 282 , 4110.92 
 283 , 4096 
 284 , 4088 
 285 , 4088.25 
 286 , 4091.93 
 287 , 4094.14 
 288 , 4093.91 
 289 , 4092.03 
 290 , 4090.1 
 291 , 4089.19 
 292 , 4089.15 
 293 , 4088.35 
 294 , 4085.74 
 295 , 4083.32 
 296 , 4084.11 
 297 , 4088.15 
 298 , 4091.73 
 299 , 4091.85 
 300 , 4089.81 
 301 , 4088.63 
 302 , 4088.77 
 303 , 4087.53 
 304 , 4082.66 
 305 , 4075.6 
 306 , 4069.87 
 307 , 4067 
 308 , 4065.2 
 309 , 4062.74 
 310 , 4060.21 
 311 , 4059.62 
 312 , 4062.12 
 313 , 4066.51 
 314 , 4071.33 
 315 , 4074.99 
 316 , 4075.29 
 317 , 4070.52 
 318 , 4063.26 
 319 , 4057.36 
 320 , 4052.7 
 321 , 4045.58 
 322 , 4033.96 
 323 , 4022.55 
 324 , 4017.96 
 325 , 4020.88 
 326 , 4026.66 
 327 , 4031.2 
 328 , 4035.56 
 329 , 4042.74 
 330 , 4052.31 
 331 , 4061.11 
 332 , 4066.91 
 333 , 4070.42 
 334 , 4072.88 
 335 , 4074.07 
 336 , 4072.76 
 337 , 4068.87 
 338 , 4064.26 
 339 , 4060.56 
 340 , 4057.59 
 341 , 4055.23 
 342 , 4053.9 
 343 , 4053.5 
 344 , 4052.84 
 345 , 4050.45 
 346 , 4046.17 
 347 , 4041.04 
 348 , 4035.71 
 349 , 4029.98 
 350 , 4025.07 
 351 , 4024.59 
 352 , 4029.63 
 353 , 4036.18 
 354 , 4039.71 
 355 , 4040.09 
 356 , 4040.05 
 357 , 4041.03 
 358 , 4040.69 
 359 , 4036.51 
 360 , 4030.05 
 361 , 4025.38 
 362 , 4024.21 
 363 , 4024.26 
 364 , 4022.6 
 365 , 4018.61 
 366 , 4013.7 
 367 , 4010.28 
 368 , 4008.92 
 369 , 4009.36 
 370 , 4012.81 
 371 , 4020.49 
 372 , 4028.59 
 373 , 4031.12 
 374 , 4027.65 
 375 , 4024.29 
 376 , 4025.38 
 377 , 4027.02 
 378 , 4023.68 
 379 , 4018.4 
 380 , 4021.26 
 381 , 4037.58 
 382 , 4059.95 
 383 , 4079.69 
 384 , 4096.74 
 385 , 4116 
 386 , 4138.78 
 387 , 4159.54 
 388 , 4172.59 
 389 , 4176.64 
 390 , 4172.35 
 391 , 4161.44 
 392 , 4146.79 
 393 , 4130.8 
 394 , 4113.67 
 395 , 4095.1 
 396 , 4077.25 
 397 , 4064.47 
 398 , 4059.36 
 399 , 4059.16 
 400 , 4060.46 
 401 , 4062.87 
 402 , 4067.95 
 403 , 4076.24 
 404 , 4086 
 405 , 4095.04 
 406 , 4100.31 
 407 , 4098.61 
 408 , 4090.39 
 409 , 4080.61 
 410 , 4073.27 
 411 , 4067.43 
 412 , 4061.12 
 413 , 4054.91 
 414 , 4051.14 
 415 , 4050.32 
 416 , 4049.42 
 417 , 4045.62 
 418 , 4039.39 
 419 , 4032.1 
 420 , 4023.66 
 421 , 4014.31 
 422 , 4005.15 
 423 , 3996.97 
 424 , 3989.5 
 425 , 3981.32 
 426 , 3970.83 
 427 , 3958.16 
 428 , 3948.65 
 429 , 3948.51 
 430 , 3956.72 
 431 , 3966.2 
 432 , 3971.68 
 433 , 3974.93 
 434 , 3978.91 
 435 , 3981.94 
 436 , 3979.23 
 437 , 3968.97 
 438 , 3955.89 
 439 , 3945.28 
 440 , 3938.38 
 441 , 3934.68 
 442 , 3933.7 
 443 , 3935.44 
 444 , 3939.82 
 445 , 3946.95 
 446 , 3957.32 
 447 , 3970.87 
 448 , 3986.49 
 449 , 4001 
 450 , 4010.06 
 451 , 4011.8 
 452 , 4009.11 
 453 , 4004.76 
 454 , 3998.31 
 455 , 3988.85 
 456 , 3978.16 
 457 , 3969.27 
 458 , 3963.5 
 459 , 3958.95 
 460 , 3953.44 
 461 , 3947.05 
 462 , 3940.99 
 463 , 3935.44 
 464 , 3929.85 
 465 , 3924.12 
 466 , 3919.17 
 467 , 3916.28 
 468 , 3915.68 
 469 , 3915.64 
 470 , 3914.2 
 471 , 3911.79 
 472 , 3910.46 
 473 , 3911.5 
 474 , 3914.2 
 475 , 3917.28 
 476 , 3919.83 
 477 , 3921.54 
 478 , 3922.5 
 479 , 3922.84 
 480 , 3922.2 
 481 , 3919.42 
 482 , 3913.25 
 483 , 3904.43 
 484 , 3895.18 
 485 , 3887.12 
 486 , 3879.97 
 487 , 3872.77 
 488 , 3865.5 
 489 , 3858.93 
 490 , 3854.07 
 491 , 3851.77 
 492 , 3852.42 
 493 , 3855.45 
 494 , 3859.88 
 495 , 3865.93 
 496 , 3875.25 
 497 , 3887.96 
 498 , 3900.6 
 499 , 3909.15 
 500 , 3912.69 
 501 , 3911.91 
 502 , 3907.28 
 503 , 3898.25 
 504 , 3884.75 
 505 , 3869.11 
 506 , 3854.33 
 507 , 3842.14 
 508 , 3833.3 
 509 , 3827.03 
 510 , 3821.29 
 511 , 3815.34 
 512 , 3811.69 
 513 , 3812.59 
 514 , 3816.42 
 515 , 3820.24 
 516 , 3823.52 
 517 , 3827.93 
 518 , 3833.49 
 519 , 3836.25 
 520 , 3832.49 
 521 , 3825.41 
 522 , 3822.43 
 523 , 3826.78 
 524 , 3834.36 
 525 , 3841.41 
 526 , 3848.02 
 527 , 3854.78 
 528 , 3859.66 
 529 , 3859.19 
 530 , 3852.59 
 531 , 3844.27 
 532 , 3838.28 
 533 , 3835.25 
 534 , 3834.5 
 535 , 3834.84 
 536 , 3834.2 
 537 , 3830.91 
 538 , 3825.4 
 539 , 3818.78 
 540 , 3812.73 
 541 , 3809.02 
 542 , 3809.3 
 543 , 3814.94 
 544 , 3826.57 
 545 , 3841.94 
 546 , 3858.39 
 547 , 3875.02 
 548 , 3891.96 
 549 , 3908.52 
 550 , 3922.83 
 551 , 3933.61 
 552 , 3941.31 
 553 , 3946.05 
 554 , 3947.85 
 555 , 3948.1 
 556 , 3948.5 
 557 , 3948.86 
 558 , 3947.8 
 559 , 3944.58 
 560 , 3940.05 
 561 , 3936.29 
 562 , 3935.55 
 563 , 3938.34 
 564 , 3941.68 
 565 , 3942.71 
 566 , 3942.34 
 567 , 3942.99 
 568 , 3943.88 
 569 , 3940.51 
 570 , 3930.73 
 571 , 3920.07 
 572 , 3914.43 
 573 , 3910.88 
 574 , 3902.19 
 575 , 3886.71 
 576 , 3869.4 
 577 , 3853.82 
 578 , 3838.87 
 579 , 3823.45 
 580 , 3807.69 
 581 , 3790.97 
 582 , 3772.97 
 583 , 3755.61 
 584 , 3740.89 
 585 , 3727.48 
 586 , 3712.78 
 587 , 3699.76 
 588 , 3695.95 
 589 , 3703.99 
 590 , 3717.46 
 591 , 3730.15 
 592 , 3742 
 593 , 3754.88 
 594 , 3769.18 
 595 , 3783.82 
 596 , 3797.91 
 597 , 3811.46 
 598 , 3824.91 
 599 , 3839.09 
 600 , 3854.48 
 601 , 3869.6 
 602 , 3882.01 
 603 , 3891.17 
 604 , 3899.11 
 605 , 3907.28 
 606 , 3914.08 
 607 , 3917.4 
 608 , 3919.22 
 609 , 3924.1 
 610 , 3935.15 
 611 , 3953.08 
 612 , 3977.43 
 613 , 4004.5 
 614 , 4030.16 
 615 , 4052.27 
 616 , 4069.58 
 617 , 4079.72 
 618 , 4078.88 
 619 , 4065.8 
 620 , 4048.08 
 621 , 4034.36 
 622 , 4025.63 
 623 , 4018.83 
 624 , 4012.86 
 625 , 4009.04 
 626 , 4007.52 
 627 , 4004.62 
 628 , 3996.47 
 629 , 3983.2 
 630 , 3966.79 
 631 , 3949.53 
 632 , 3934.01 
 633 , 3922.1 
 634 , 3913.78 
 635 , 3909.03 
 636 , 3909.79 
 637 , 3918.65 
 638 , 3934.19 
 639 , 3951.2 
 640 , 3967.59 
 641 , 3988.51 
 642 , 4018.58 
 643 , 4054.09 
 644 , 4088.75 
 645 , 4120.83 
 646 , 4152.33 
 647 , 4179.85 
 648 , 4189.98 
 649 , 4172.61 
 650 , 4137.44 
 651 , 4098.84 
 652 , 4060.35 
 653 , 4018.26 
 654 , 3974.96 
 655 , 3942.14 
 656 , 3928.2 
 657 , 3927.19 
 658 , 3930.45 
 659 , 3933.8 
 660 , 3935.53 
 661 , 3935.82 
 662 , 3937.05 
 663 , 3940.4 
 664 , 3943.24 
 665 , 3943.09 
 666 , 3943.37 
 667 , 3949.75 
 668 , 3962.57 
 669 , 3977.2 
 670 , 3988.43 
 671 , 3990.24 
 672 , 3978.22 
 673 , 3956.82 
 674 , 3933.28 
 675 , 3913.1 
 676 , 3900.17 
 677 , 3896.7 
 678 , 3903.38 
 679 , 3919.8 
 680 , 3940.48 
 681 , 3958.68 
 682 , 3968.03 
 683 , 3962.97 
 684 , 3946.98 
 685 , 3933.14 
 686 , 3930.22 
 687 , 3935.27 
 688 , 3944.06 
 689 , 3955.53 
 690 , 3969.69 
 691 , 3982.69 
 692 , 3987.51 
 693 , 3980.87 
 694 , 3966.26 
 695 , 3947.86 
 696 , 3929.32 
 697 , 3913.9 
 698 , 3903.59 
 699 , 3899.83 
 700 , 3903.84 
 701 , 3916.69 
 702 , 3937.38 
 703 , 3960.21 
 704 , 3979.83 
 705 , 3995.92 
 706 , 4009.47 
 707 , 4018.76 
 708 , 4020.39 
 709 , 4014.77 
 710 , 4007.85 
 711 , 4004.35 
 712 , 4003.7 
 713 , 4004.3 
 714 , 4004.41 
 715 , 4002.21 
 716 , 3998.85 
 717 , 3998.52 
 718 , 4003.54 
 719 , 4011.87 
 720 , 4021.88 
 721 , 4036.47 
 722 , 4059.19 
 723 , 4087.84 
 724 , 4117.01 
 725 , 4145.85 
 726 , 4178.4 
 727 , 4215.14 
 728 , 4248.24 
 729 , 4270.31 
 730 , 4279.91 
 731 , 4276.8 
 732 , 4260.42 
 733 , 4231.62 
 734 , 4195.67 
 735 , 4162.09 
 736 , 4137.33 
 737 , 4119.41 
 738 , 4105.12 
 739 , 4092.18 
 740 , 4078.62 
 741 , 4064.07 
 742 , 4049.75 
 743 , 4036.47 
 744 , 4024.28 
 745 , 4013.42 
 746 , 4004.77 
 747 , 3999.17 
 748 , 3996.68 
 749 , 3996.95 
 750 , 4000.3 
 751 , 4007.86 
 752 , 4019.43 
 753 , 4031.47 
 754 , 4040.51 
 755 , 4045.83 
 756 , 4047.55 
 757 , 4046.54 
 758 , 4044.06 
 759 , 4041.57 
 760 , 4040.91 
 761 , 4042.83 
 762 , 4045.03 
 763 , 4044.96 
 764 , 4042.51 
 765 , 4038.86 
 766 , 4035.02 
 767 , 4030.88 
 768 , 4026.38 
 769 , 4023.63 
 770 , 4025.55 
 771 , 4032.26 
 772 , 4041.57 
 773 , 4051.22 
 774 , 4060.83 
 775 , 4071.42 
 776 , 4082.63 
 777 , 4091.77 
 778 , 4096.7 
 779 , 4097.95 
 780 , 4097.81 
 781 , 4097.61 
 782 , 4098.67 
 783 , 4102.73 
 784 , 4109.06 
 785 , 4115.07 
 786 , 4119.08 
 787 , 4120.78 
 788 , 4120.04 
 789 , 4116.54 
 790 , 4110.41 
 791 , 4104.24 
 792 , 4101.19 
 793 , 4102.36 
 794 , 4107.39 
 795 , 4112.4 
 796 , 4110.6 
 797 , 4100.1 
 798 , 4086.95 
 799 , 4075.61 
 800 , 4063.22 
 801 , 4047.33 
 802 , 4040.1 
 803 , 4059.15 
 804 , 4100.13 
 805 , 4139.77 
 806 , 4166.24 
 807 , 4187.11 
 808 , 4207.02 
 809 , 4215.31 
 810 , 4201.09 
 811 , 4171.91 
 812 , 4142.01 
 813 , 4119.32 
 814 , 4107.16 
 815 , 4104.47 
 816 , 4103.92 
 817 , 4101.81 
 818 , 4105.84 
 819 , 4122.45 
 820 , 4142.58 
 821 , 4153.81 
 822 , 4157.38 
 823 , 4162.06 
 824 , 4170.01 
 825 , 4176.32 
 826 , 4178.68 
 827 , 4180.22 
 828 , 4183.79 
 829 , 4190.49 
 830 , 4200.44 
 831 , 4209.11 
 832 , 4210.69 
 833 , 4207.38 
 834 , 4206.73 
 835 , 4209.71 
 836 , 4209.11 
 837 , 4201.55 
 838 , 4192.76 
 839 , 4187.41 
 840 , 4182.39 
 841 , 4173.51 
 842 , 4161.14 
 843 , 4147.65 
 844 , 4137.36 
 845 , 4136.85 
 846 , 4147.34 
 847 , 4160.29 
 848 , 4169.3 
 849 , 4178.22 
 850 , 4191.15 
 851 , 4201.83 
 852 , 4201.09 
 853 , 4190.27 
 854 , 4177.39 
 855 , 4166.76 
 856 , 4158.6 
 857 , 4153.01 
 858 , 4149.47 
 859 , 4146.84 
 860 , 4143.7 
 861 , 4139.22 
 862 , 4134.04 
 863 , 4128.97 
 864 , 4126.4 
 865 , 4130.59 
 866 , 4142.5 
 867 , 4157.42 
 868 , 4171.03 
 869 , 4182.85 
 870 , 4192.9 
 871 , 4198.22 
 872 , 4195.62 
 873 , 4189.01 
 874 , 4185.54 
 875 , 4186.01 
 876 , 4185.94 
 877 , 4183.58 
 878 , 4181.56 
 879 , 4182.85 
 880 , 4190.98 
 881 , 4207.87 
 882 , 4226.66 
 883 , 4238.87 
 884 , 4244.38 
 885 , 4247.05 
 886 , 4246 
 887 , 4236.58 
 888 , 4220.21 
 889 , 4206.97 
 890 , 4203.05 
 891 , 4203.25 
 892 , 4201.24 
 893 , 4194.42 
 894 , 4182.01 
 895 , 4167.43 
 896 , 4155.41 
 897 , 4148.06 
 898 , 4146.1 
 899 , 4151.28 
 900 , 4165.88 
 901 , 4188.09 
 902 , 4208.07 
 903 , 4218.36 
 904 , 4223.21 
 905 , 4228.64 
 906 , 4235.95 
 907 , 4245 
 908 , 4256.38 
 909 , 4270.51 
 910 , 4285.84 
 911 , 4299.71 
 912 , 4310.09 
 913 , 4314.51 
 914 , 4312.06 
 915 , 4309.5 
 916 , 4313.44 
 917 , 4317.44 
 918 , 4310.96 
 919 , 4293.15 
 920 , 4269.25 
 921 , 4245.09 
 922 , 4226.38 
 923 , 4215.59 
 924 , 4210.99 
 925 , 4211.17 
 926 , 4215.58 
 927 , 4222.49 
 928 , 4225.81 
 929 , 4220.1 
 930 , 4210.49 
 931 , 4205.84 
 932 , 4208.72 
 933 , 4217.77 
 934 , 4229.98 
 935 , 4239.7 
 936 , 4243.52 
 937 , 4243.01 
 938 , 4240.02 
 939 , 4235.31 
 940 , 4229.68 
 941 , 4225.49 
 942 , 4225.46 
 943 , 4229.85 
 944 , 4237.49 
 945 , 4245.31 
 946 , 4248.75 
 947 , 4248.05 
 948 , 4250.1 
 949 , 4257.63 
 950 , 4263.78 
 951 , 4264.21 
 952 , 4266.57 
 953 , 4278.2 
 954 , 4291.01 
 955 , 4293.19 
 956 , 4288.13 
 957 , 4287.1 
 958 , 4291.37 
 959 , 4293.58 
 960 , 4290.94 
 961 , 4287.05 
 962 , 4284.13 
 963 , 4280.88 
 964 , 4275.94 
 965 , 4268.71 
 966 , 4258.95 
 967 , 4248 
 968 , 4237.67 
 969 , 4228.67 
 970 , 4221.06 
 971 , 4216.28 
 972 , 4216.83 
 973 , 4222.08 
 974 , 4227.68 
 975 , 4231.84 
 976 , 4237.46 
 977 , 4245.92 
 978 , 4253.29 
 979 , 4256.22 
 980 , 4257.46 
 981 , 4260.95 
 982 , 4266.97 
 983 , 4274.36 
 984 , 4283.28 
 985 , 4294.69 
 986 , 4308.78 
 987 , 4324.93 
 988 , 4339.63 
 989 , 4344.94 
 990 , 4336.32 
 991 , 4318.38 
 992 , 4296.73 
 993 , 4275.84 
 994 , 4259.72 
 995 , 4251.46 
 996 , 4253.75 
 997 , 4268.09 
 998 , 4294.85 
 999 , 4328.05 
 1000 , 4356.69 
 1001 , 4374.83 
 1002 , 4382.89 
 1003 , 4381.79 
 1004 , 4372.56 
 1005 , 4356.68 
 1006 , 4336.9 
 1007 , 4316.06 
 1008 , 4296.26 
 1009 , 4278.79 
 1010 , 4261.7 
 1011 , 4242.33 
 1012 , 4223.44 
 1013 , 4210.48 
 1014 , 4202.6 
 1015 , 4193.7 
 1016 , 4185.45 
 1017 , 4189.2 
 1018 , 4207.67 
 1019 , 4226.88 
 1020 , 4236.72 
 1021 , 4242.22 
 1022 , 4248.04 
 1023 , 4247.35 
 1024 , 4232.95 
 1025 , 4213.24 
 1026 , 4201.35 
 1027 , 4199.17 
 1028 , 4202.16 
 1029 , 4203.65 
 1030 , 4195.71 
 1031 , 4175.93 
 1032 , 4148.12 
 1033 , 4118.01 
 1034 , 4094.21 
 1035 , 4083.45 
 1036 , 4086.58 
 1037 , 4102.93 
 1038 , 4130.56 
 1039 , 4166.59 
 1040 , 4202.34 
 1041 , 4228.22 
 1042 , 4244.96 
 1043 , 4258.09 
 1044 , 4268.9 
 1045 , 4275.61 
 1046 , 4279.31 
 1047 , 4284.16 
 1048 , 4289.53 
 1049 , 4288.02 
 1050 , 4277.36 
 1051 , 4265.74 
 1052 , 4259.94 
 1053 , 4260.03 
 1054 , 4265.01 
 1055 , 4273.84 
 1056 , 4284.93 
 1057 , 4293.96 
 1058 , 4296.64 
 1059 , 4295.09 
 1060 , 4293.9 
 1061 , 4294.5 
 1062 , 4296.64 
 1063 , 4300.56 
 1064 , 4306.4 
 1065 , 4311.91 
 1066 , 4312.61 
 1067 , 4307.33 
 1068 , 4300.08 
 1069 , 4293.97 
 1070 , 4289.88 
 1071 , 4288.02 
 1072 , 4285.97 
 1073 , 4280.94 
 1074 , 4273.54 
 1075 , 4265.8 
 1076 , 4258.95 
 1077 , 4253.43 
 1078 , 4249.98 
 1079 , 4250.09 
 1080 , 4255.85 
 1081 , 4269.1 
 1082 , 4285.95 
 1083 , 4296.85 
 1084 , 4298.8 
 1085 , 4298.49 
 1086 , 4299.13 
 1087 , 4296.32 
 1088 , 4288.15 
 1089 , 4280.75 
 1090 , 4278.61 
 1091 , 4277.18 
 1092 , 4271.82 
 1093 , 4265.7 
 1094 , 4262.86 
 1095 , 4260.98 
 1096 , 4256.29 
 1097 , 4251.02 
 1098 , 4250.03 
 1099 , 4253.29 
 1100 , 4257.69 
 1101 , 4262.34 
 1102 , 4267.67 
 1103 , 4272.89 
 1104 , 4276.46 
 1105 , 4277.39 
 1106 , 4275.04 
 1107 , 4268.92 
 1108 , 4259.97 
 1109 , 4249.83 
 1110 , 4240.4 
 1111 , 4233.87 
 1112 , 4234.64 
 1113 , 4246.41 
 1114 , 4265.47 
 1115 , 4286.18 
 1116 , 4305.43 
 1117 , 4320.26 
 1118 , 4326.78 
 1119 , 4322.13 
 1120 , 4310.2 
 1121 , 4299.36 
 1122 , 4293.97 
 1123 , 4294.89 
 1124 , 4300.84 
 1125 , 4306.79 
 1126 , 4308.96 
 1127 , 4306.98 
 1128 , 4300.82 
 1129 , 4290.25 
 1130 , 4276.92 
 1131 , 4268.47 
 1132 , 4271.26 
 1133 , 4281.31 
 1134 , 4292.47 
 1135 , 4300.75 
 1136 , 4303.12 
 1137 , 4301.96 
 1138 , 4301.94 
 1139 , 4301.22 
 1140 , 4294.42 
 1141 , 4283.44 
 1142 , 4275.49 
 1143 , 4273.59 
 1144 , 4276.81 
 1145 , 4285.65 
 1146 , 4301.83 
 1147 , 4324.21 
 1148 , 4348.74 
 1149 , 4371.63 
 1150 , 4387.2 
 1151 , 4392.15 
 1152 , 4393.58 
 1153 , 4398.68 
 1154 , 4405.36 
 1155 , 4409.53 
 1156 , 4411.08 
 1157 , 4411.13 
 1158 , 4407.16 
 1159 , 4396.05 
 1160 , 4383.32 
 1161 , 4377.77 
 1162 , 4379.92 
 1163 , 4385.76 
 1164 , 4396.14 
 1165 , 4415.07 
 1166 , 4435.75 
 1167 , 4441.97 
 1168 , 4432.11 
 1169 , 4421.01 
 1170 , 4413.93 
 1171 , 4401.64 
 1172 , 4382.87 
 1173 , 4371.26 
 1174 , 4372.7 
 1175 , 4374.21 
 1176 , 4366.09 
 1177 , 4353.06 
 1178 , 4339.47 
 1179 , 4321.79 
 1180 , 4297.56 
 1181 , 4274.4 
 1182 , 4260.86 
 1183 , 4256.7 
 1184 , 4258.46 
 1185 , 4262.35 
 1186 , 4264.99 
 1187 , 4262.57 
 1188 , 4251.25 
 1189 , 4235.35 
 1190 , 4223.63 
 1191 , 4215.6 
 1192 , 4203.67 
 1193 , 4185.7 
 1194 , 4165.95 
 1195 , 4149.09 
 1196 , 4137.44 
 1197 , 4133.67 
 1198 , 4143.87 
 1199 , 4171.24 
 1200 , 4211.33 
 1201 , 4254.14 
 1202 , 4285.81 
 1203 , 4300.61 
 1204 , 4303.99 
 1205 , 4300.58 
 1206 , 4295.79 
 1207 , 4295.29 
 1208 , 4299.23 
 1209 , 4305.26 
 1210 , 4313.85 
 1211 , 4327.14 
 1212 , 4339.15 
 1213 , 4341.75 
 1214 , 4341.87 
 1215 , 4351.64 
 1216 , 4368.8 
 1217 , 4384.28 
 1218 , 4395.15 
 1219 , 4402.14 
 1220 , 4404.34 
 1221 , 4400.29 
 1222 , 4392.6 
 1223 , 4385.42 
 1224 , 4377.87 
 1225 , 4366.73 
 1226 , 4353.39 
 1227 , 4341.65 
 1228 , 4334.65 
 1229 , 4336.14 
 1230 , 4346.85 
 1231 , 4363.12 
 1232 , 4380.35 
 1233 , 4393.13 
 1234 , 4397.92 
 1235 , 4395.33 
 1236 , 4388.24 
 1237 , 4380.7 
 1238 , 4375.08 
 1239 , 4373.78 
 1240 , 4378.6 
 1241 , 4385.08 
 1242 , 4388.31 
 1243 , 4390.73 
 1244 , 4397.08 
 1245 , 4407.47 
 1246 , 4418.1 
 1247 , 4423.94 
 1248 , 4423.42 
 1249 , 4419.33 
 1250 , 4412.45 
 1251 , 4400.13 
 1252 , 4382.27 
 1253 , 4366.82 
 1254 , 4360.62 
 1255 , 4359.19 
 1256 , 4356.68 
 1257 , 4357.02 
 1258 , 4366.31 
 1259 , 4379.7 
 1260 , 4387.44 
 1261 , 4388.01 
 1262 , 4385.36 
 1263 , 4380.92 
 1264 , 4373.21 
 1265 , 4364.23 
 1266 , 4360.47 
 1267 , 4363.77 
 1268 , 4369.62 
 1269 , 4374.39 
 1270 , 4377.66 
 1271 , 4379.29 
 1272 , 4377.62 
 1273 , 4375.81 
 1274 , 4383.82 
 1275 , 4403.37 
 1276 , 4424.29 
 1277 , 4439.04 
 1278 , 4444.64 
 1279 , 4439.82 
 1280 , 4426.32 
 1281 , 4406.22 
 1282 , 4381.88 
 1283 , 4358.85 
 1284 , 4348.2 
 1285 , 4355.61 
 1286 , 4374.78 
 1287 , 4398.86 
 1288 , 4421.11 
 1289 , 4435.96 
 1290 , 4445.8 
 1291 , 4453.81 
 1292 , 4457.16 
 1293 , 4453.73 
 1294 , 4450.35 
 1295 , 4452.98 
 1296 , 4456.56 
 1297 , 4455.57 
 1298 , 4452.25 
 1299 , 4449.66 
 1300 , 4448.72 
 1301 , 4450.22 
 1302 , 4452.65 
 1303 , 4453.24 
 1304 , 4451.49 
 1305 , 4449.17 
 1306 , 4452 
 1307 , 4464.8 
 1308 , 4482.16 
 1309 , 4496.37 
 1310 , 4507.2 
 1311 , 4516.71 
 1312 , 4522.6 
 1313 , 4521.91 
 1314 , 4521.03 
 1315 , 4529.27 
 1316 , 4543.29 
 1317 , 4553.92 
 1318 , 4558.36 
 1319 , 4557.49 
 1320 , 4551.04 
 1321 , 4538.94 
 1322 , 4536.78 
 1323 , 4567.63 
 1324 , 4615.78 
 1325 , 4641.05 
 1326 , 4639.28 
 1327 , 4632.21 
 1328 , 4621.11 
 1329 , 4591.42 
 1330 , 4551.73 
 1331 , 4529.5 
 1332 , 4530.71 
 1333 , 4542.04 
 1334 , 4559.18 
 1335 , 4587.23 
 1336 , 4619.54 
 1337 , 4637.07 
 1338 , 4633.31 
 1339 , 4616.4 
 1340 , 4589.74 
 1341 , 4549.67 
 1342 , 4505.65 
 1343 , 4483.1 
 1344 , 4486.63 
 1345 , 4495.02 
 1346 , 4495.89 
 1347 , 4490.4 
 1348 , 4480.22 
 1349 , 4465.47 
 1350 , 4450.13 
 1351 , 4443.94 
 1352 , 4447.32 
 1353 , 4447.67 
 1354 , 4442.43 
 1355 , 4444.16 
 1356 , 4453.66 
 1357 , 4453.77 
 1358 , 4440.84 
 1359 , 4431.93 
 1360 , 4432.37 
 1361 , 4428.82 
 1362 , 4418.54 
 1363 , 4416.23 
 1364 , 4427.27 
 1365 , 4441.2 
 1366 , 4451.15 
 1367 , 4457.18 
 1368 , 4459.11 
 1369 , 4456.25 
 1370 , 4449.59 
 1371 , 4442.2 
 1372 , 4436.49 
 1373 , 4433.87 
 1374 , 4433.61 
 1375 , 4431.02 
 1376 , 4422.72 
 1377 , 4408.9 
 1378 , 4392.9 
 1379 , 4382.23 
 1380 , 4378.43 
 1381 , 4372.41 
 1382 , 4360.7 
 1383 , 4351.38 
 1384 , 4347 
 1385 , 4338.46 
 1386 , 4324.47 
 1387 , 4319.83 
 1388 , 4330.54 
 1389 , 4343.78 
 1390 , 4352.18 
 1391 , 4362.27 
 1392 , 4377.5 
 1393 , 4392.5 
 1394 , 4400.71 
 1395 , 4395.58 
 1396 , 4378.79 
 1397 , 4366.43 
 1398 , 4365.64 
 1399 , 4365.19 
 1400 , 4360.63 
 1401 , 4362.72 
 1402 , 4374.96 
 1403 , 4385.26 
 1404 , 4388.46 
 1405 , 4394.43 
 1406 , 4409.58 
 1407 , 4431.64 
 1408 , 4455.35 
 1409 , 4472.16 
 1410 , 4477.76 
 1411 , 4475.32 
 1412 , 4468.06 
 1413 , 4458.25 
 1414 , 4447.63 
 1415 , 4437.24 
 1416 , 4430.32 
 1417 , 4433.75 
 1418 , 4449.13 
 1419 , 4469.38 
 1420 , 4487.15 
 1421 , 4495.97 
 1422 , 4495.05 
 1423 , 4491.63 
 1424 , 4490.63 
 1425 , 4493.01 
 1426 , 4505.69 
 1427 , 4543.55 
 1428 , 4600.33 
 1429 , 4641.57 
 1430 , 4654.54 
 1431 , 4656.42 
 1432 , 4651.95 
 1433 , 4628.47 
 1434 , 4587.89 
 1435 , 4550.32 
 1436 , 4523.96 
 1437 , 4502.23 
 1438 , 4481.74 
 1439 , 4463.62 
 1440 , 4452.64 
 1441 , 4456.68 
 1442 , 4472.38 
 1443 , 4485.08 
 1444 , 4485.17 
 1445 , 4468.89 
 1446 , 4441.7 
 1447 , 4416.87 
 1448 , 4399.87 
 1449 , 4389.37 
 1450 , 4391.39 
 1451 , 4417.05 
 1452 , 4455.12 
 1453 , 4477.9 
 1454 , 4480.3 
 1455 , 4474.15 
 1456 , 4463.19 
 1457 , 4445.39 
 1458 , 4422.6 
 1459 , 4399.49 
 1460 , 4381.14 
 1461 , 4372.36 
 1462 , 4371.57 
 1463 , 4373.85 
 1464 , 4379.43 
 1465 , 4390.5 
 1466 , 4400.02 
 1467 , 4397.65 
 1468 , 4387.45 
 1469 , 4379.42 
 1470 , 4373.26 
 1471 , 4364.47 
 1472 , 4352.95 
 1473 , 4340 
 1474 , 4324.52 
 1475 , 4305.54 
 1476 , 4287.22 
 1477 , 4273.97 
 1478 , 4262.97 
 1479 , 4250.61 
 1480 , 4238.74 
 1481 , 4230.1 
 1482 , 4226.35 
 1483 , 4228.69 
 1484 , 4234.84 
 1485 , 4241.47 
 1486 , 4246.76 
 1487 , 4250.32 
 1488 , 4253.56 
 1489 , 4257.11 
 1490 , 4259.3 
 1491 , 4259.23 
 1492 , 4258.6 
 1493 , 4256.69 
 1494 , 4245.79 
 1495 , 4223.3 
 1496 , 4201.23 
 1497 , 4187.49 
 1498 , 4176.48 
 1499 , 4165.19 
 1500 , 4158.87 
 1501 , 4161.71 
 1502 , 4174.55 
 1503 , 4195.66 
 1504 , 4219.23 
 1505 , 4241.05 
 1506 , 4260.33 
 1507 , 4274.19 
 1508 , 4276.36 
 1509 , 4266.14 
 1510 , 4250.14 
 1511 , 4233.39 
 1512 , 4218.71 
 1513 , 4210.77 
 1514 , 4216.04 
 1515 , 4232.54 
 1516 , 4250.47 
 1517 , 4264.33 
 1518 , 4272.54 
 1519 , 4270.24 
 1520 , 4250.76 
 1521 , 4221.22 
 1522 , 4197.11 
 1523 , 4179.33 
 1524 , 4160.81 
 1525 , 4145.92 
 1526 , 4144.11 
 1527 , 4153.83 
 1528 , 4168.47 
 1529 , 4185.75 
 1530 , 4205.41 
 1531 , 4225.93 
 1532 , 4243.36 
 1533 , 4245.52 
 1534 , 4222.72 
 1535 , 4187.9 
 1536 , 4155.38 
 1537 , 4119.62 
 1538 , 4076.22 
 1539 , 4041.72 
 1540 , 4030.37 
 1541 , 4035.52 
 1542 , 4048.89 
 1543 , 4068.21 
 1544 , 4091.73 
 1545 , 4116.79 
 1546 , 4139.42 
 1547 , 4153.1 
 1548 , 4159.69 
 1549 , 4176.62 
 1550 , 4206.63 
 1551 , 4226.86 
 1552 , 4229.27 
 1553 , 4229.36 
 1554 , 4228.63 
 1555 , 4210.11 
 1556 , 4178.06 
 1557 , 4159.41 
 1558 , 4158.09 
 1559 , 4156.85 
 1560 , 4154.47 
 1561 , 4161.83 
 1562 , 4172.58 
 1563 , 4170.06 
 1564 , 4156.68 
 1565 , 4144.63 
 1566 , 4129.94 
 1567 , 4102.43 
 1568 , 4068.57 
 1569 , 4040.51 
 1570 , 4018.65 
 1571 , 4000.5 
 1572 , 3992.48 
 1573 , 4001.87 
 1574 , 4026.1 
 1575 , 4058.99 
 1576 , 4091.58 
 1577 , 4115.34 
 1578 , 4125.14 
 1579 , 4118.24 
 1580 , 4096.98 
 1581 , 4066.64 
 1582 , 4036.97 
 1583 , 4014.36 
 1584 , 3997.64 
 1585 , 3986.69 
 1586 , 3984.33 
 1587 , 3989.2 
 1588 , 3993.94 
 1589 , 3996.45 
 1590 , 4001.27 
 1591 , 4008.28 
 1592 , 4012.15 
 1593 , 4006.94 
 1594 , 3987.47 
 1595 , 3963.72 
 1596 , 3955.44 
 1597 , 3963.29 
 1598 , 3976.81 
 1599 , 3998.02 
 1600 , 4033.05 
 1601 , 4067.83 
 1602 , 4083.22 
 1603 , 4085.96 
 1604 , 4089.98 
 1605 , 4096.34 
 1606 , 4100.55 
 1607 , 4092.05 
 1608 , 4063.09 
 1609 , 4021.09 
 1610 , 3973.62 
 1611 , 3919.52 
 1612 , 3862.59 
 1613 , 3821.91 
 1614 , 3807.49 
 1615 , 3807.32 
 1616 , 3814.78 
 1617 , 3836.1 
 1618 , 3869.14 
 1619 , 3898.95 
 1620 , 3917.88 
 1621 , 3927.85 
 1622 , 3930.57 
 1623 , 3926.65 
 1624 , 3916.76 
 1625 , 3902.05 
 1626 , 3883.42 
 1627 , 3861.32 
 1628 , 3837.16 
 1629 , 3812.44 
 1630 , 3783.43 
 1631 , 3746.61 
 1632 , 3714.31 
 1633 , 3700.4 
 1634 , 3698.19 
 1635 , 3697.79 
 1636 , 3701.14 
 1637 , 3710.72 
 1638 , 3721.28 
 1639 , 3727 
 1640 , 3724.72 
 1641 , 3715.4 
 1642 , 3707.32 
 1643 , 3704.05 
 1644 , 3699.85 
 1645 , 3690.94 
 1646 , 3677.88 
 1647 , 3665.08 
 1648 , 3659.92 
 1649 , 3664.07 
 1650 , 3674.62 
 1651 , 3688.24 
 1652 , 3701.05 
 1653 , 3709.11 
 1654 , 3707.6 
 1655 , 3684.66 
 1656 , 3630.7 
 1657 , 3571.41 
 1658 , 3539.08 
 1659 , 3530.08 
 1660 , 3533.65 
 1661 , 3555.12 
 1662 , 3596.17 
 1663 , 3635.31 
 1664 , 3654.69 
 1665 , 3657 
 1666 , 3652.05 
 1667 , 3655.84 
 1668 , 3672.9 
 1669 , 3691.23 
 1670 , 3710.61 
 1671 , 3744.18 
 1672 , 3784.14 
 1673 , 3804.37 
 1674 , 3804.35 
 1675 , 3801.22 
 1676 , 3788.32 
 1677 , 3747.63 
 1678 , 3690.5 
 1679 , 3640.79 
 1680 , 3602.33 
 1681 , 3572.05 
 1682 , 3557.9 
 1683 , 3567.77 
 1684 , 3589.51 
 1685 , 3608.1 
 1686 , 3621.22 
 1687 , 3628.91 
 1688 , 3626.55 
 1689 , 3611.07 
 1690 , 3586.29 
 1691 , 3559.78 
 1692 , 3542.31 
 1693 , 3535.85 
 1694 , 3532.58 
 1695 , 3534.39 
 1696 , 3551.26 
 1697 , 3570.98 
 1698 , 3566.42 
 1699 , 3540.45 
 1700 , 3511.83 
 1701 , 3477.45 
 1702 , 3427.83 
 1703 , 3376.7 
 1704 , 3341.58 
 1705 , 3316.86 
 1706 , 3293.91 
 1707 , 3278.92 
 1708 , 3276.5 
 1709 , 3275.92 
 1710 , 3268.35 
 1711 , 3256.17 
 1712 , 3241.26 
 1713 , 3221.2 
 1714 , 3198.68 
 1715 , 3183.78 
 1716 , 3180.35 
 1717 , 3186.14 
 1718 , 3200.88 
 1719 , 3223.76 
 1720 , 3245.78 
 1721 , 3256.58 
 1722 , 3257.32 
 1723 , 3250.48 
 1724 , 3230.8 
 1725 , 3197.11 
 1726 , 3164.58 
 1727 , 3145.52 
 1728 , 3135.52 
 1729 , 3130.52 
 1730 , 3132.42 
 1731 , 3139.13 
 1732 , 3140.99 
 1733 , 3135.5 
 1734 , 3131.92 
 1735 , 3132.32 
 1736 , 3128.94 
 1737 , 3121.44 
 1738 , 3116.47 
 1739 , 3112.26 
 1740 , 3102.03 
 1741 , 3089.32 
 1742 , 3082.78 
 1743 , 3084.24 
 1744 , 3090.64 
 1745 , 3095.73 
 1746 , 3096.11 
 1747 , 3094.13 
 1748 , 3090.43 
 1749 , 3085.06 
 1750 , 3082.62 
 1751 , 3091.54 
 1752 , 3112.19 
 1753 , 3134.87 
 1754 , 3152.39 
 1755 , 3160.47 
 1756 , 3159.65 
 1757 , 3154.72 
 1758 , 3142.57 
 1759 , 3115.32 
 1760 , 3084.67 
 1761 , 3071.35 
 1762 , 3073.39 
 1763 , 3082.27 
 1764 , 3109.55 
 1765 , 3163.2 
 1766 , 3214.83 
 1767 , 3237.95 
 1768 , 3232.44 
 1769 , 3204.61 
 1770 , 3167.15 
 1771 , 3132.97 
 1772 , 3109.97 
 1773 , 3097.18 
 1774 , 3088.15 
 1775 , 3087.83 
 1776 , 3107.12 
 1777 , 3133.65 
 1778 , 3144.83 
 1779 , 3150.1 
 1780 , 3167.56 
 1781 , 3180.46 
 1782 , 3168.22 
 1783 , 3145.14 
 1784 , 3127.33 
 1785 , 3109.01 
 1786 , 3082.27 
 1787 , 3043.25 
 1788 , 2999.66 
 1789 , 2977.65 
 1790 , 2978.64 
 1791 , 2971.18 
 1792 , 2947.88 
 1793 , 2926.11 
 1794 , 2913.29 
 1795 , 2909.55 
 1796 , 2923 
 1797 , 2963.45 
 1798 , 3022.92 
 1799 , 3085.86 
 1800 , 3134.6 
 1801 , 3155.53 
 1802 , 3149.9 
 1803 , 3127.92 
 1804 , 3113.48 
 1805 , 3113.49 
 1806 , 3102.74 
 1807 , 3076.69 
 1808 , 3059.95 
 1809 , 3051.79 
 1810 , 3027.56 
 1811 , 2987.69 
 1812 , 2949.89 
 1813 , 2922.72 
 1814 , 2910.46 
 1815 , 2918.76 
 1816 , 2948.75 
 1817 , 2981.81 
 1818 , 3001.57 
 1819 , 3013.91 
 1820 , 3025.91 
 1821 , 3038.98 
 1822 , 3053.78 
 1823 , 3069.92 
 1824 , 3083.54 
 1825 , 3088.27 
 1826 , 3081.99 
 1827 , 3065.82 
 1828 , 3052.25 
 1829 , 3059.34 
 1830 , 3078.32 
 1831 , 3087.71 
 1832 , 3076.26 
 1833 , 3042.19 
 1834 , 3000.62 
 1835 , 2965.34 
 1836 , 2936.7 
 1837 , 2914.97 
 1838 , 2905.31 
 1839 , 2904.58 
 1840 , 2895.94 
 1841 , 2875.59 
 1842 , 2856.68 
 1843 , 2847.91 
 1844 , 2851.45 
 1845 , 2865.73 
 1846 , 2889.1 
 1847 , 2920.32 
 1848 , 2953.97 
 1849 , 2974.41 
 1850 , 2972.08 
 1851 , 2958.86 
 1852 , 2943.63 
 1853 , 2923.18 
 1854 , 2904.62 
 1855 , 2911.42 
 1856 , 2948.98 
 1857 , 3001.18 
 1858 , 3053.93 
 1859 , 3096.75 
 1860 , 3122.19 
 1861 , 3124.97 
 1862 , 3110.78 
 1863 , 3089.98 
 1864 , 3066.49 
 1865 , 3041.33 
 1866 , 3018.82 
 1867 , 3003.74 
 1868 , 2996.11 
 1869 , 3000.34 
 1870 , 3030.58 
 1871 , 3084.83 
 1872 , 3139.9 
 1873 , 3186.46 
 1874 , 3227.79 
 1875 , 3254.29 
 1876 , 3251.85 
 1877 , 3230.54 
 1878 , 3206.88 
 1879 , 3176.19 
 1880 , 3133.38 
 1881 , 3095.88 
 1882 , 3077.07 
 1883 , 3067.74 
 1884 , 3061.34 
 1885 , 3063.42 
 1886 , 3072.52 
 1887 , 3076 
 1888 , 3065.82 
 1889 , 3040.26 
 1890 , 3006.08 
 1891 , 2974.71 
 1892 , 2958.02 
 1893 , 2964.19 
 1894 , 2981.57 
 1895 , 2997.15 
 1896 , 3012.92 
 1897 , 3028.21 
 1898 , 3029.86 
 1899 , 3019.69 
 1900 , 3025.08 
 1901 , 3053.47 
 1902 , 3087.64 
 1903 , 3115.19 
 1904 , 3128.76 
 1905 , 3120.77 
 1906 , 3085.84 
 1907 , 3035.69 
 1908 , 2987.46 
 1909 , 2951.78 
 1910 , 2933.98 
 1911 , 2928.34 
 1912 , 2929.21 
 1913 , 2935.77 
 1914 , 2939.93 
 1915 , 2922.72 
 1916 , 2889.35 
 1917 , 2868.54 
 1918 , 2859.24 
 1919 , 2841.67 
 1920 , 2823.61 
 1921 , 2823.29 
 1922 , 2839.05 
 1923 , 2861.76 
 1924 , 2880.78 
 1925 , 2890.02 
 1926 , 2895.91 
 1927 , 2898.77 
 1928 , 2884.81 
 1929 , 2858.22 
 1930 , 2846.28 
 1931 , 2858.92 
 1932 , 2888.38 
 1933 , 2919.69 
 1934 , 2937.08 
 1935 , 2937.23 
 1936 , 2919.6 
 1937 , 2879.79 
 1938 , 2824.61 
 1939 , 2791.68 
 1940 , 2800.06 
 1941 , 2822.63 
 1942 , 2840.58 
 1943 , 2854.02 
 1944 , 2858.9 
 1945 , 2846.2 
 1946 , 2820.97 
 1947 , 2799.01 
 1948 , 2796.72 
 1949 , 2823.32 
 1950 , 2852.36 
 1951 , 2862.45 
 1952 , 2888.62 
 1953 , 2947.11 
 1954 , 2983.49 
 1955 , 2973.57 
 1956 , 2956.06 
 1957 , 2934.73 
 1958 , 2871.73 
 1959 , 2777.35 
 1960 , 2696.05 
 1961 , 2637.31 
 1962 , 2593.78 
 1963 , 2567.66 
 1964 , 2561.72 
 1965 , 2568.58 
 1966 , 2581.09 
 1967 , 2598.52 
 1968 , 2616.98 
 1969 , 2625.42 
 1970 , 2621.69 
 1971 , 2614.89 
 1972 , 2607.3 
 1973 , 2595.66 
 1974 , 2586.06 
 1975 , 2587.21 
 1976 , 2592.51 
 1977 , 2592.02 
 1978 , 2581.56 
 1979 , 2559.27 
 1980 , 2528.5 
 1981 , 2498.02 
 1982 , 2482.84 
 1983 , 2485.49 
 1984 , 2494.13 
 1985 , 2501.35 
 1986 , 2504.45 
 1987 , 2502.89 
 1988 , 2497.7 
 1989 , 2495.66 
 1990 , 2502.2 
 1991 , 2510.54 
 1992 , 2515.12 
 1993 , 2518.88 
 1994 , 2518.13 
 1995 , 2498.79 
 1996 , 2464.41 
 1997 , 2435.67 
 1998 , 2412.89 
 1999 , 2384.55 
 2000 , 2361.03 
 2001 , 2358.85 
 2002 , 2371.57 
 2003 , 2387.3 
 2004 , 2398.94 
 2005 , 2403.05 
 2006 , 2405.35 
 2007 , 2410.03 
 2008 , 2415.36 
 2009 , 2419.21 
 2010 , 2419.92 
 2011 , 2419.13 
 2012 , 2419.96 
 2013 , 2414.23 
 2014 , 2390.92 
 2015 , 2357.98 
 2016 , 2326.33 
 2017 , 2293.42 
 2018 , 2262.89 
 2019 , 2259.86 
 2020 , 2287.37 
 2021 , 2309.94 
 2022 , 2315.48 
 2023 , 2318.7 
 2024 , 2310.61 
 2025 , 2270.04 
 2026 , 2225.89 
 2027 , 2220.54 
 2028 , 2239.22 
 2029 , 2255.6 
 2030 , 2263.67 
 2031 , 2264.69 
 2032 , 2269.3 
 2033 , 2276.32 
 2034 , 2263.92 
 2035 , 2241.57 
 2036 , 2249.43 
 2037 , 2273.6 
 2038 , 2270 
 2039 , 2254.64 
 2040 , 2260.74 
 2041 , 2273.39 
 2042 , 2273.28 
 2043 , 2269.98 
 2044 , 2269.44 
 2045 , 2259.37 
 2046 , 2234.56 
 2047 , 2202.85 
 2048 , 2174.1 
 2049 , 2157.81 
 2050 , 2157.05 
 2051 , 2171.28 
 2052 , 2197.5 
 2053 , 2229.88 
 2054 , 2256.47 
 2055 , 2267.78 
 2056 , 2262.9 
 2057 , 2244.97 
 2058 , 2222.18 
 2059 , 2198.96 
 2060 , 2175.34 
 2061 , 2159.8 
 2062 , 2163.76 
 2063 , 2167.9 
 2064 , 2146.83 
 2065 , 2122.9 
 2066 , 2121.28 
 2067 , 2126.91 
 2068 , 2131.04 
 2069 , 2154.14 
 2070 , 2195.88 
 2071 , 2223.58 
 2072 , 2220.74 
 2073 , 2189.7 
 2074 , 2149.5 
 2075 , 2124.61 
 2076 , 2115.6 
 2077 , 2117.02 
 2078 , 2133.77 
 2079 , 2162.34 
 2080 , 2173.75 
 2081 , 2150.94 
 2082 , 2103.69 
 2083 , 2049.88 
 2084 , 2011.41 
 2085 , 1989.31 
 2086 , 1972.35 
 2087 , 1967.44 
 2088 , 1983.93 
 2089 , 2004.14 
 2090 , 2012.31 
 2091 , 2023.5 
 2092 , 2050.46 
 2093 , 2089.12 
 2094 , 2125.25 
 2095 , 2134.8 
 2096 , 2122.58 
 2097 , 2117.37 
 2098 , 2113.9 
 2099 , 2091.41 
 2100 , 2066.35 
 2101 , 2059.79 
 2102 , 2051.35 
 2103 , 2023.95 
 2104 , 1995.61 
 2105 , 1980.91 
 2106 , 1979.2 
 2107 , 1984.17 
 2108 , 1986.02 
 2109 , 1987.98 
 2110 , 1999.3 
 2111 , 2008.17 
 2112 , 1999.74 
 2113 , 1985.16 
 2114 , 1977.12 
 2115 , 1976.05 
 2116 , 1985.88 
 2117 , 2014.91 
 2118 , 2055.39 
 2119 , 2083.91 
 2120 , 2084.55 
 2121 , 2048.59 
 2122 , 1993.28 
 2123 , 1947.27 
 2124 , 1913.94 
 2125 , 1890.31 
 2126 , 1885.75 
 2127 , 1902.92 
 2128 , 1921.4 
 2129 , 1928.07 
 2130 , 1926.78 
 2131 , 1919.57 
 2132 , 1904.22 
 2133 , 1887.55 
 2134 , 1881.71 
 2135 , 1882.87 
 2136 , 1883.7 
 2137 , 1893.77 
 2138 , 1915.7 
 2139 , 1921.91 
 2140 , 1904.07 
 2141 , 1893.65 
 2142 , 1899.8 
 2143 , 1903.81 
 2144 , 1900.64 
 2145 , 1894.43 
 2146 , 1876.84 
 2147 , 1841.29 
 2148 , 1814.18 
 2149 , 1815.92 
 2150 , 1824.46 
 2151 , 1829.72 
 2152 , 1854.89 
 2153 , 1894.64 
 2154 , 1910.13 
 2155 , 1913.57 
 2156 , 1949.39 
 2157 , 1992.67 
 2158 , 1995.57 
 2159 , 1973.79 
 2160 , 1950.6 
 2161 , 1910.74 
 2162 , 1852.31 
 2163 , 1814.76 
 2164 , 1808.08 
 2165 , 1796.52 
 2166 , 1765.13 
 2167 , 1721.5 
 2168 , 1681.73 
 2169 , 1663.74 
 2170 , 1670.09 
 2171 , 1698.19 
 2172 , 1747.78 
 2173 , 1808.81 
 2174 , 1848.06 
 2175 , 1855.24 
 2176 , 1857.17 
 2177 , 1853.74 
 2178 , 1820.62 
 2179 , 1775.03 
 2180 , 1751.64 
 2181 , 1728.81 
 2182 , 1678.6 
 2183 , 1641.46 
 2184 , 1647.66 
 2185 , 1655.41 
 2186 , 1638.15 
 2187 , 1615.31 
 2188 , 1601.14 
 2189 , 1596.86 
 2190 , 1599.42 
 2191 , 1607.87 
 2192 , 1642.29 
 2193 , 1716.87 
 2194 , 1784.05 
 2195 , 1807.68 
 2196 , 1827.09 
 2197 , 1859.94 
 2198 , 1866.38 
 2199 , 1842.98 
 2200 , 1830 
 2201 , 1824.62 
 2202 , 1796.48 
 2203 , 1756 
 2204 , 1727.12 
 2205 , 1707.9 
 2206 , 1692.07 
 2207 , 1681.64 
 2208 , 1675.75 
 2209 , 1666.38 
 2210 , 1642.26 
 2211 , 1590.54 
 2212 , 1527.64 
 2213 , 1487.83 
 2214 , 1464.28 
 2215 , 1437.96 
 2216 , 1432.34 
 2217 , 1463.78 
 2218 , 1486.18 
 2219 , 1476.07 
 2220 , 1475.44 
 2221 , 1497.31 
 2222 , 1511.77 
 2223 , 1517.51 
 2224 , 1533.56 
 2225 , 1543.49 
 2226 , 1523.49 
 2227 , 1501.76 
 2228 , 1503.29 
 2229 , 1493.16 
 2230 , 1451.46 
 2231 , 1409.76 
 2232 , 1378.67 
 2233 , 1336.24 
 2234 , 1296.2 
 2235 , 1299 
 2236 , 1338.75 
 2237 , 1385.59 
 2238 , 1417.91 
 2239 , 1426.6 
 2240 , 1432.88 
 2241 , 1447.66 
 2242 , 1449.95 
 2243 , 1440.62 
 2244 , 1450.14 
 2245 , 1466.65 
 2246 , 1447.31 
 2247 , 1402.26 
 2248 , 1364.88 
 2249 , 1337.48 
 2250 , 1317.37 
 2251 , 1318.48 
 2252 , 1345.86 
 2253 , 1379.5 
 2254 , 1402.66 
 2255 , 1407.52 
 2256 , 1393.88 
 2257 , 1367.5 
 2258 , 1333.62 
 2259 , 1298.65 
 2260 , 1278.86 
 2261 , 1281.59 
 2262 , 1271.8 
 2263 , 1237.11 
 2264 , 1230.18 
 2265 , 1257.1 
 2266 , 1255.63 
 2267 , 1229.22 
 2268 , 1231.74 
 2269 , 1238.77 
 2270 , 1201.61 
 2271 , 1167.13 
 2272 , 1182.17 
 2273 , 1189.44 
 2274 , 1150.03 
 2275 , 1106.36 
 2276 , 1088.02 
 2277 , 1093.34 
 2278 , 1113.55 
 2279 , 1138.32 
 2280 , 1176.39 
 2281 , 1238.57 
 2282 , 1289.56 
 2283 , 1298.05 
 2284 , 1301.81 
 2285 , 1320.91 
 2286 , 1307.06 
 2287 , 1251.56 
 2288 , 1208.99 
 2289 , 1193.21 
 2290 , 1180.86 
 2291 , 1163.24 
 2292 , 1139.43 
 2293 , 1107.1 
 2294 , 1064.84 
 2295 , 1015.28 
 2296 , 970.37 
 2297 , 959.52 
 2298 , 981.1 
 2299 , 990.98 
 2300 , 991.29 
 2301 , 1022.55 
 2302 , 1080.88 
 2303 , 1139.34 
 2304 , 1185.37 
 2305 , 1211.41 
 2306 , 1209.67 
 2307 , 1178.62 
 2308 , 1129.85 
 2309 , 1074.3 
 2310 , 1019.85 
 2311 , 975.84 
 2312 , 951.28 
 2313 , 938.19 
 2314 , 920.6 
 2315 , 892.31 
 2316 , 854.84 
 2317 , 821.72 
 2318 , 801.5 
 2319 , 788.84 
 2320 , 786.13 
 2321 , 806.12 
 2322 , 846.15 
 2323 , 890.8 
 2324 , 928.47 
 2325 , 952.73 
 2326 , 975.74 
 2327 , 1005.94 
 2328 , 1017.48 
 2329 , 992.51 
 2330 , 945.42 
 2331 , 892 
 2332 , 842.91 
 2333 , 797.04 
 2334 , 747.43 
 2335 , 711.22 
 2336 , 710.93 
 2337 , 729.65 
 2338 , 745.65 
 2339 , 764.87 
