03-03-2024,14:49:56
Wavenumber(cm-1),Intensity
 250 , 36421.53 
 251 , 36421.53 
 252 , 36401.03 
 253 , 36352.77 
 254 , 36309.31 
 255 , 36288.99 
 256 , 36281.1 
 257 , 36273.53 
 258 , 36268.08 
 259 , 36272.24 
 260 , 36286.91 
 261 , 36307.18 
 262 , 36329.34 
 263 , 36348.45 
 264 , 36357.74 
 265 , 36356.68 
 266 , 36352.24 
 267 , 36348.82 
 268 , 36338.7 
 269 , 36312.24 
 270 , 36275.67 
 271 , 36248.43 
 272 , 36239.91 
 273 , 36237.99 
 274 , 36230.72 
 275 , 36222.32 
 276 , 36224.66 
 277 , 36241.93 
 278 , 36269.73 
 279 , 36307.99 
 280 , 36361.14 
 281 , 36428.91 
 282 , 36503.91 
 283 , 36581.86 
 284 , 36659.2 
 285 , 36729.4 
 286 , 36788.69 
 287 , 36833.67 
 288 , 36856.97 
 289 , 36855.71 
 290 , 36841.02 
 291 , 36831.06 
 292 , 36834.66 
 293 , 36839.6 
 294 , 36827.98 
 295 , 36809.18 
 296 , 36812.29 
 297 , 36843.19 
 298 , 36874.3 
 299 , 36880.94 
 300 , 36872.67 
 301 , 36871.12 
 302 , 36878.18 
 303 , 36882.61 
 304 , 36880.96 
 305 , 36884.58 
 306 , 36904.38 
 307 , 36935.76 
 308 , 36964.88 
 309 , 36983.57 
 310 , 36990.43 
 311 , 36984.45 
 312 , 36969.92 
 313 , 36956.35 
 314 , 36953.29 
 315 , 36967.52 
 316 , 37001.4 
 317 , 37043.62 
 318 , 37080.6 
 319 , 37106.47 
 320 , 37120.22 
 321 , 37121.47 
 322 , 37112.99 
 323 , 37099.09 
 324 , 37088.76 
 325 , 37092.54 
 326 , 37114.35 
 327 , 37148.87 
 328 , 37186.29 
 329 , 37211.94 
 330 , 37214.29 
 331 , 37198.87 
 332 , 37176.92 
 333 , 37152.45 
 334 , 37122.83 
 335 , 37090.46 
 336 , 37071.66 
 337 , 37082.33 
 338 , 37116.24 
 339 , 37154.6 
 340 , 37185.44 
 341 , 37211.97 
 342 , 37239.88 
 343 , 37265.13 
 344 , 37275.22 
 345 , 37271.95 
 346 , 37277.89 
 347 , 37307.1 
 348 , 37343.82 
 349 , 37364.25 
 350 , 37365.89 
 351 , 37371.31 
 352 , 37394.22 
 353 , 37414.41 
 354 , 37405.71 
 355 , 37370.45 
 356 , 37335.32 
 357 , 37321.43 
 358 , 37319.28 
 359 , 37306.82 
 360 , 37282.92 
 361 , 37270.19 
 362 , 37282.64 
 363 , 37301.29 
 364 , 37293.33 
 365 , 37250.72 
 366 , 37199.83 
 367 , 37167.51 
 368 , 37147.8 
 369 , 37123.91 
 370 , 37103.33 
 371 , 37098.41 
 372 , 37107.78 
 373 , 37114.61 
 374 , 37101.95 
 375 , 37069.65 
 376 , 37033.1 
 377 , 37000.29 
 378 , 36972.61 
 379 , 36955.85 
 380 , 36960.38 
 381 , 36991.29 
 382 , 37041.97 
 383 , 37093.86 
 384 , 37132.4 
 385 , 37159.11 
 386 , 37179.64 
 387 , 37190.44 
 388 , 37183.46 
 389 , 37160.62 
 390 , 37138.12 
 391 , 37130.23 
 392 , 37134.41 
 393 , 37141.54 
 394 , 37147.8 
 395 , 37157.46 
 396 , 37168.99 
 397 , 37163.87 
 398 , 37126.92 
 399 , 37076.69 
 400 , 37044.08 
 401 , 37033.41 
 402 , 37023.11 
 403 , 37003.09 
 404 , 36995.23 
 405 , 37021.98 
 406 , 37071.32 
 407 , 37115.05 
 408 , 37145.49 
 409 , 37180.04 
 410 , 37229.58 
 411 , 37278.54 
 412 , 37308.27 
 413 , 37325.49 
 414 , 37351.61 
 415 , 37389.94 
 416 , 37415.2 
 417 , 37408.02 
 418 , 37389.25 
 419 , 37389.85 
 420 , 37411.32 
 421 , 37429.1 
 422 , 37429.41 
 423 , 37427.92 
 424 , 37441.94 
 425 , 37469.29 
 426 , 37499.11 
 427 , 37525.53 
 428 , 37549.69 
 429 , 37572.81 
 430 , 37596.84 
 431 , 37624.7 
 432 , 37653.42 
 433 , 37673.38 
 434 , 37680.51 
 435 , 37684.04 
 436 , 37696.5 
 437 , 37722.28 
 438 , 37757.82 
 439 , 37794.5 
 440 , 37830.78 
 441 , 37868.97 
 442 , 37909.32 
 443 , 37949.78 
 444 , 37984.27 
 445 , 38008.15 
 446 , 38031.82 
 447 , 38073.85 
 448 , 38137.59 
 449 , 38202.71 
 450 , 38246.07 
 451 , 38265.63 
 452 , 38277.65 
 453 , 38294.45 
 454 , 38304.21 
 455 , 38300.4 
 456 , 38305.4 
 457 , 38341.98 
 458 , 38402.36 
 459 , 38460.69 
 460 , 38501.88 
 461 , 38530.48 
 462 , 38552.39 
 463 , 38562.14 
 464 , 38556.84 
 465 , 38550.55 
 466 , 38560.36 
 467 , 38586.22 
 468 , 38619.48 
 469 , 38653.44 
 470 , 38683.51 
 471 , 38708.63 
 472 , 38734.13 
 473 , 38766.86 
 474 , 38807.26 
 475 , 38850.39 
 476 , 38890.45 
 477 , 38925.56 
 478 , 38955.77 
 479 , 38978.41 
 480 , 38990.4 
 481 , 38994.69 
 482 , 38993.94 
 483 , 38987.26 
 484 , 38975.58 
 485 , 38967.42 
 486 , 38974.42 
 487 , 38998.46 
 488 , 39031.67 
 489 , 39070.42 
 490 , 39120.82 
 491 , 39191.11 
 492 , 39276.32 
 493 , 39357.02 
 494 , 39415.39 
 495 , 39451.33 
 496 , 39476.19 
 497 , 39505.4 
 498 , 39547.64 
 499 , 39597.59 
 500 , 39647.15 
 501 , 39696.16 
 502 , 39744.59 
 503 , 39786.61 
 504 , 39815.6 
 505 , 39829.51 
 506 , 39835.51 
 507 , 39843.69 
 508 , 39859.64 
 509 , 39887.25 
 510 , 39930.11 
 511 , 39981.32 
 512 , 40028.62 
 513 , 40064.56 
 514 , 40089.7 
 515 , 40112.55 
 516 , 40143.3 
 517 , 40184.43 
 518 , 40229.16 
 519 , 40273.23 
 520 , 40320 
 521 , 40372.3 
 522 , 40424.52 
 523 , 40466.62 
 524 , 40495.56 
 525 , 40524.46 
 526 , 40565.27 
 527 , 40606.51 
 528 , 40626.51 
 529 , 40624.4 
 530 , 40619.47 
 531 , 40624.63 
 532 , 40638.81 
 533 , 40660.52 
 534 , 40694.37 
 535 , 40746.93 
 536 , 40814.22 
 537 , 40880.26 
 538 , 40933.01 
 539 , 40971.56 
 540 , 40997.33 
 541 , 41016.89 
 542 , 41039.5 
 543 , 41070.3 
 544 , 41110.5 
 545 , 41160.64 
 546 , 41218.18 
 547 , 41279.07 
 548 , 41334.84 
 549 , 41376.24 
 550 , 41404.15 
 551 , 41427.35 
 552 , 41447.06 
 553 , 41451.02 
 554 , 41431.59 
 555 , 41408.82 
 556 , 41408.2 
 557 , 41422.02 
 558 , 41419.18 
 559 , 41390.13 
 560 , 41362.11 
 561 , 41356.32 
 562 , 41356.51 
 563 , 41339.52 
 564 , 41313.1 
 565 , 41302.94 
 566 , 41314.79 
 567 , 41327.83 
 568 , 41328.68 
 569 , 41332.91 
 570 , 41358.4 
 571 , 41394.93 
 572 , 41419.06 
 573 , 41425.89 
 574 , 41431.68 
 575 , 41444.57 
 576 , 41445.32 
 577 , 41413.81 
 578 , 41366.09 
 579 , 41336.1 
 580 , 41328.65 
 581 , 41313.1 
 582 , 41270.45 
 583 , 41222.2 
 584 , 41194.45 
 585 , 41183.17 
 586 , 41167.81 
 587 , 41145.11 
 588 , 41136.27 
 589 , 41156.05 
 590 , 41191.59 
 591 , 41223.68 
 592 , 41244.59 
 593 , 41256.69 
 594 , 41264.16 
 595 , 41265.44 
 596 , 41260.46 
 597 , 41258.82 
 598 , 41271.54 
 599 , 41300.59 
 600 , 41342.03 
 601 , 41390.94 
 602 , 41447.21 
 603 , 41510.4 
 604 , 41575.61 
 605 , 41639.19 
 606 , 41699.07 
 607 , 41751.79 
 608 , 41797.75 
 609 , 41842.09 
 610 , 41883.73 
 611 , 41914.66 
 612 , 41932.06 
 613 , 41946.68 
 614 , 41970.07 
 615 , 41999.54 
 616 , 42025.33 
 617 , 42047.7 
 618 , 42073.88 
 619 , 42101.66 
 620 , 42122.61 
 621 , 42134.16 
 622 , 42142.28 
 623 , 42152.05 
 624 , 42161.32 
 625 , 42163.66 
 626 , 42160.29 
 627 , 42164.6 
 628 , 42187.04 
 629 , 42219.88 
 630 , 42249.12 
 631 , 42273.91 
 632 , 42306.16 
 633 , 42350.27 
 634 , 42396.11 
 635 , 42433.16 
 636 , 42459.53 
 637 , 42476.32 
 638 , 42482.59 
 639 , 42477.68 
 640 , 42466.76 
 641 , 42452.56 
 642 , 42439.92 
 643 , 42443.01 
 644 , 42470.34 
 645 , 42512.84 
 646 , 42557.24 
 647 , 42595.66 
 648 , 42625.42 
 649 , 42644.84 
 650 , 42645.52 
 651 , 42624.56 
 652 , 42593.99 
 653 , 42567.14 
 654 , 42544.74 
 655 , 42521.1 
 656 , 42493.79 
 657 , 42467.9 
 658 , 42451.35 
 659 , 42448.16 
 660 , 42457.69 
 661 , 42475.46 
 662 , 42496.53 
 663 , 42518.99 
 664 , 42546.28 
 665 , 42576.61 
 666 , 42597.25 
 667 , 42596.83 
 668 , 42573.88 
 669 , 42534.87 
 670 , 42496.39 
 671 , 42476.69 
 672 , 42483.7 
 673 , 42512.28 
 674 , 42555.16 
 675 , 42616.4 
 676 , 42699.74 
 677 , 42787.74 
 678 , 42851.29 
 679 , 42875.32 
 680 , 42866.89 
 681 , 42851.49 
 682 , 42850.48 
 683 , 42865.54 
 684 , 42882.53 
 685 , 42893.83 
 686 , 42911.05 
 687 , 42948.75 
 688 , 42999.35 
 689 , 43042.27 
 690 , 43067.22 
 691 , 43078.64 
 692 , 43083.91 
 693 , 43082.93 
 694 , 43071.22 
 695 , 43050.48 
 696 , 43029.69 
 697 , 43018.07 
 698 , 43021.67 
 699 , 43039.45 
 700 , 43064.46 
 701 , 43088.76 
 702 , 43103.54 
 703 , 43101.73 
 704 , 43085.78 
 705 , 43063.9 
 706 , 43039.73 
 707 , 43009.79 
 708 , 42971.03 
 709 , 42925.41 
 710 , 42877.22 
 711 , 42829.96 
 712 , 42784.64 
 713 , 42741.84 
 714 , 42704.61 
 715 , 42677.49 
 716 , 42662.99 
 717 , 42660.24 
 718 , 42668.26 
 719 , 42686.43 
 720 , 42709.73 
 721 , 42733.75 
 722 , 42763.19 
 723 , 42801.31 
 724 , 42839.1 
 725 , 42869 
 726 , 42899.14 
 727 , 42942.76 
 728 , 42995.07 
 729 , 43037.34 
 730 , 43068.74 
 731 , 43102.78 
 732 , 43134.27 
 733 , 43149.18 
 734 , 43153.5 
 735 , 43165.35 
 736 , 43192.27 
 737 , 43228.3 
 738 , 43264.63 
 739 , 43297.28 
 740 , 43326.79 
 741 , 43353.59 
 742 , 43380.22 
 743 , 43410.9 
 744 , 43443.59 
 745 , 43467.44 
 746 , 43474.51 
 747 , 43463.09 
 748 , 43432.58 
 749 , 43391.3 
 750 , 43349.7 
 751 , 43309.4 
 752 , 43268.28 
 753 , 43229.02 
 754 , 43196.96 
 755 , 43173.11 
 756 , 43147.74 
 757 , 43111.08 
 758 , 43072.59 
 759 , 43049.28 
 760 , 43044 
 761 , 43048.65 
 762 , 43057.41 
 763 , 43061.5 
 764 , 43048.25 
 765 , 43021 
 766 , 43000.42 
 767 , 42996.17 
 768 , 42988.39 
 769 , 42955.36 
 770 , 42907.99 
 771 , 42876.15 
 772 , 42866.14 
 773 , 42853.93 
 774 , 42830.9 
 775 , 42826.2 
 776 , 42861.44 
 777 , 42917.82 
 778 , 42965.9 
 779 , 43001.57 
 780 , 43039.08 
 781 , 43082.67 
 782 , 43121.51 
 783 , 43151.59 
 784 , 43179.06 
 785 , 43202.82 
 786 , 43213.3 
 787 , 43210.33 
 788 , 43207.32 
 789 , 43217.65 
 790 , 43248.88 
 791 , 43301.27 
 792 , 43356.98 
 793 , 43398.46 
 794 , 43430.23 
 795 , 43462.65 
 796 , 43491.58 
 797 , 43508.28 
 798 , 43520.11 
 799 , 43552.61 
 800 , 43620 
 801 , 43705.12 
 802 , 43784.12 
 803 , 43838.61 
 804 , 43856.73 
 805 , 43840.75 
 806 , 43802.13 
 807 , 43749.44 
 808 , 43692.77 
 809 , 43646.68 
 810 , 43625.51 
 811 , 43636.5 
 812 , 43670.08 
 813 , 43710.53 
 814 , 43744.8 
 815 , 43767.94 
 816 , 43785.03 
 817 , 43805.56 
 818 , 43830.12 
 819 , 43848.71 
 820 , 43853.76 
 821 , 43844.38 
 822 , 43821.24 
 823 , 43782.01 
 824 , 43724.49 
 825 , 43656.96 
 826 , 43601.66 
 827 , 43575.51 
 828 , 43573.1 
 829 , 43582.97 
 830 , 43600.14 
 831 , 43622.32 
 832 , 43648.01 
 833 , 43684.59 
 834 , 43733.79 
 835 , 43778.3 
 836 , 43802.41 
 837 , 43814.75 
 838 , 43831.31 
 839 , 43849.49 
 840 , 43850.71 
 841 , 43831.6 
 842 , 43808.5 
 843 , 43796.25 
 844 , 43802.59 
 845 , 43831.16 
 846 , 43881.25 
 847 , 43951.36 
 848 , 44038.21 
 849 , 44136.18 
 850 , 44224.84 
 851 , 44276.73 
 852 , 44288.38 
 853 , 44279.85 
 854 , 44265.49 
 855 , 44244.01 
 856 , 44215.5 
 857 , 44195.61 
 858 , 44200.73 
 859 , 44219.35 
 860 , 44228.13 
 861 , 44224.21 
 862 , 44223.57 
 863 , 44232.36 
 864 , 44237.97 
 865 , 44232.96 
 866 , 44233.39 
 867 , 44254.35 
 868 , 44276.88 
 869 , 44271.79 
 870 , 44242.06 
 871 , 44209.9 
 872 , 44180.3 
 873 , 44142.77 
 874 , 44099.07 
 875 , 44069.38 
 876 , 44068.85 
 877 , 44095.2 
 878 , 44142.2 
 879 , 44198.99 
 880 , 44252.3 
 881 , 44297.6 
 882 , 44338.36 
 883 , 44371.8 
 884 , 44387.65 
 885 , 44383.3 
 886 , 44369.6 
 887 , 44355.64 
 888 , 44342.14 
 889 , 44329.43 
 890 , 44324.13 
 891 , 44335.96 
 892 , 44362.07 
 893 , 44388.57 
 894 , 44411.55 
 895 , 44444.25 
 896 , 44492.48 
 897 , 44537.21 
 898 , 44560.5 
 899 , 44571.89 
 900 , 44587.85 
 901 , 44604.49 
 902 , 44606.86 
 903 , 44597.31 
 904 , 44594.86 
 905 , 44607.04 
 906 , 44621.19 
 907 , 44629.3 
 908 , 44643.22 
 909 , 44675.05 
 910 , 44713.06 
 911 , 44738.54 
 912 , 44755.44 
 913 , 44781.64 
 914 , 44815.42 
 915 , 44833.3 
 916 , 44822.91 
 917 , 44793.74 
 918 , 44756.74 
 919 , 44717.95 
 920 , 44681.95 
 921 , 44654.64 
 922 , 44642.68 
 923 , 44648.75 
 924 , 44672.31 
 925 , 44702.27 
 926 , 44718.65 
 927 , 44713.88 
 928 , 44699.58 
 929 , 44686.34 
 930 , 44677.32 
 931 , 44674.81 
 932 , 44682.01 
 933 , 44701.9 
 934 , 44731 
 935 , 44761.95 
 936 , 44791.31 
 937 , 44819.88 
 938 , 44848.7 
 939 , 44878.49 
 940 , 44907.55 
 941 , 44928.43 
 942 , 44934.21 
 943 , 44923.58 
 944 , 44897.69 
 945 , 44865.32 
 946 , 44838.41 
 947 , 44824.7 
 948 , 44830.07 
 949 , 44856.14 
 950 , 44896.97 
 951 , 44944.19 
 952 , 44986.03 
 953 , 45013.32 
 954 , 45026.85 
 955 , 45029.11 
 956 , 45024.82 
 957 , 45021.39 
 958 , 45020.33 
 959 , 45016.05 
 960 , 45009.92 
 961 , 45014.18 
 962 , 45031.81 
 963 , 45046.1 
 964 , 45045.27 
 965 , 45039.79 
 966 , 45041.27 
 967 , 45044.9 
 968 , 45041.52 
 969 , 45035.61 
 970 , 45038.33 
 971 , 45052.31 
 972 , 45072.27 
 973 , 45089.07 
 974 , 45090.65 
 975 , 45075.46 
 976 , 45060.3 
 977 , 45057.32 
 978 , 45062.89 
 979 , 45072.5 
 980 , 45079.61 
 981 , 45072.87 
 982 , 45046.16 
 983 , 45002.39 
 984 , 44948.11 
 985 , 44890.22 
 986 , 44840.24 
 987 , 44821.53 
 988 , 44850.83 
 989 , 44911.55 
 990 , 44979.1 
 991 , 45035.11 
 992 , 45066.44 
 993 , 45076.11 
 994 , 45075.11 
 995 , 45073.14 
 996 , 45084.53 
 997 , 45124.5 
 998 , 45200.27 
 999 , 45312.8 
 1000 , 45450.75 
 1001 , 45598.42 
 1002 , 45744.4 
 1003 , 45883.21 
 1004 , 46006.82 
 1005 , 46099.53 
 1006 , 46148.26 
 1007 , 46151.69 
 1008 , 46118.09 
 1009 , 46052.06 
 1010 , 45952.7 
 1011 , 45834.42 
 1012 , 45721.79 
 1013 , 45626.46 
 1014 , 45544.5 
 1015 , 45464.67 
 1016 , 45386.17 
 1017 , 45319.17 
 1018 , 45268.68 
 1019 , 45228.5 
 1020 , 45192.93 
 1021 , 45165.34 
 1022 , 45152.58 
 1023 , 45154.64 
 1024 , 45162.1 
 1025 , 45167.77 
 1026 , 45175.32 
 1027 , 45186.43 
 1028 , 45190.34 
 1029 , 45182.74 
 1030 , 45179.17 
 1031 , 45189.29 
 1032 , 45194.03 
 1033 , 45174.07 
 1034 , 45142.09 
 1035 , 45115.24 
 1036 , 45077.49 
 1037 , 45011.11 
 1038 , 44939.71 
 1039 , 44908.39 
 1040 , 44928.53 
 1041 , 44962.43 
 1042 , 44983.06 
 1043 , 45004.81 
 1044 , 45041.58 
 1045 , 45070.35 
 1046 , 45061.73 
 1047 , 45027.81 
 1048 , 45005.7 
 1049 , 45005.2 
 1050 , 45007.17 
 1051 , 45002.67 
 1052 , 45005.23 
 1053 , 45025.77 
 1054 , 45052.98 
 1055 , 45072.31 
 1056 , 45087.56 
 1057 , 45113.81 
 1058 , 45154.7 
 1059 , 45195.88 
 1060 , 45228.05 
 1061 , 45262.23 
 1062 , 45307.24 
 1063 , 45348.48 
 1064 , 45366.76 
 1065 , 45364.29 
 1066 , 45358.31 
 1067 , 45356.82 
 1068 , 45351.75 
 1069 , 45343.95 
 1070 , 45351.25 
 1071 , 45380.61 
 1072 , 45418.41 
 1073 , 45452.15 
 1074 , 45485.54 
 1075 , 45521.27 
 1076 , 45544.53 
 1077 , 45535.64 
 1078 , 45488.39 
 1079 , 45423.01 
 1080 , 45388.21 
 1081 , 45408.22 
 1082 , 45450.22 
 1083 , 45486.17 
 1084 , 45532.58 
 1085 , 45605.55 
 1086 , 45666.99 
 1087 , 45671.73 
 1088 , 45635.28 
 1089 , 45596.94 
 1090 , 45569.22 
 1091 , 45555.96 
 1092 , 45560.9 
 1093 , 45564.48 
 1094 , 45545.92 
 1095 , 45519.1 
 1096 , 45505.58 
 1097 , 45492.67 
 1098 , 45457.46 
 1099 , 45411.86 
 1100 , 45385.64 
 1101 , 45382.42 
 1102 , 45382.16 
 1103 , 45378.89 
 1104 , 45385.34 
 1105 , 45402.2 
 1106 , 45411.45 
 1107 , 45403.56 
 1108 , 45390 
 1109 , 45384.48 
 1110 , 45391.51 
 1111 , 45410.65 
 1112 , 45438.4 
 1113 , 45468.98 
 1114 , 45499.38 
 1115 , 45533.05 
 1116 , 45555.89 
 1117 , 45539.11 
 1118 , 45486.17 
 1119 , 45428.73 
 1120 , 45382.07 
 1121 , 45335.94 
 1122 , 45287.85 
 1123 , 45256.18 
 1124 , 45252.18 
 1125 , 45268.09 
 1126 , 45289.57 
 1127 , 45297.69 
 1128 , 45282.71 
 1129 , 45258.82 
 1130 , 45239.88 
 1131 , 45222.53 
 1132 , 45201.88 
 1133 , 45193.93 
 1134 , 45220.09 
 1135 , 45266.53 
 1136 , 45300.43 
 1137 , 45311.72 
 1138 , 45308.77 
 1139 , 45301.89 
 1140 , 45301.98 
 1141 , 45312.43 
 1142 , 45326.66 
 1143 , 45345.59 
 1144 , 45385.88 
 1145 , 45451.79 
 1146 , 45510.33 
 1147 , 45533.31 
 1148 , 45542.07 
 1149 , 45567.42 
 1150 , 45598.56 
 1151 , 45607.46 
 1152 , 45595.8 
 1153 , 45584.53 
 1154 , 45583.12 
 1155 , 45587.29 
 1156 , 45595.87 
 1157 , 45615.89 
 1158 , 45645.13 
 1159 , 45667.95 
 1160 , 45676.09 
 1161 , 45675.29 
 1162 , 45672.94 
 1163 , 45673.51 
 1164 , 45679.18 
 1165 , 45692.37 
 1166 , 45715.51 
 1167 , 45741.73 
 1168 , 45758.59 
 1169 , 45755.81 
 1170 , 45731.89 
 1171 , 45705.66 
 1172 , 45697.29 
 1173 , 45704.69 
 1174 , 45719.39 
 1175 , 45742.72 
 1176 , 45778.48 
 1177 , 45820.58 
 1178 , 45856.22 
 1179 , 45879.56 
 1180 , 45891.58 
 1181 , 45893.02 
 1182 , 45886.19 
 1183 , 45872.98 
 1184 , 45851.38 
 1185 , 45821.81 
 1186 , 45795.94 
 1187 , 45784.11 
 1188 , 45782.95 
 1189 , 45786.83 
 1190 , 45799 
 1191 , 45824.11 
 1192 , 45850.03 
 1193 , 45858.7 
 1194 , 45851.44 
 1195 , 45841.39 
 1196 , 45831.88 
 1197 , 45817.04 
 1198 , 45802 
 1199 , 45803.18 
 1200 , 45818.37 
 1201 , 45823.32 
 1202 , 45809.63 
 1203 , 45793.55 
 1204 , 45782.5 
 1205 , 45763.82 
 1206 , 45736.12 
 1207 , 45727 
 1208 , 45750.99 
 1209 , 45777.7 
 1210 , 45782.16 
 1211 , 45783.87 
 1212 , 45800.91 
 1213 , 45804.84 
 1214 , 45764.53 
 1215 , 45702.85 
 1216 , 45655.58 
 1217 , 45621.31 
 1218 , 45586.06 
 1219 , 45564.13 
 1220 , 45582.6 
 1221 , 45636.75 
 1222 , 45700.7 
 1223 , 45761.27 
 1224 , 45816.88 
 1225 , 45865.77 
 1226 , 45904.01 
 1227 , 45928.33 
 1228 , 45938.32 
 1229 , 45934.32 
 1230 , 45915.57 
 1231 , 45883.92 
 1232 , 45846.81 
 1233 , 45811.34 
 1234 , 45783.17 
 1235 , 45768.16 
 1236 , 45769.21 
 1237 , 45783.16 
 1238 , 45795.42 
 1239 , 45797.26 
 1240 , 45806.06 
 1241 , 45836.13 
 1242 , 45861.96 
 1243 , 45854.45 
 1244 , 45831.36 
 1245 , 45820.23 
 1246 , 45804.49 
 1247 , 45755.57 
 1248 , 45701.66 
 1249 , 45695.74 
 1250 , 45725.95 
 1251 , 45740.32 
 1252 , 45727.93 
 1253 , 45707.67 
 1254 , 45676.88 
 1255 , 45618.66 
 1256 , 45539.97 
 1257 , 45469.89 
 1258 , 45426.63 
 1259 , 45414.86 
 1260 , 45426.27 
 1261 , 45431.48 
 1262 , 45417.14 
 1263 , 45403.16 
 1264 , 45397.75 
 1265 , 45381.01 
 1266 , 45346.43 
 1267 , 45322.79 
 1268 , 45327.34 
 1269 , 45333.49 
 1270 , 45319.67 
 1271 , 45305.48 
 1272 , 45312.62 
 1273 , 45337.47 
 1274 , 45372.15 
 1275 , 45418.26 
 1276 , 45478.64 
 1277 , 45542.07 
 1278 , 45591.11 
 1279 , 45623.47 
 1280 , 45645.28 
 1281 , 45655.79 
 1282 , 45651.65 
 1283 , 45642.27 
 1284 , 45642.39 
 1285 , 45648.8 
 1286 , 45648.87 
 1287 , 45645.61 
 1288 , 45648.78 
 1289 , 45656.19 
 1290 , 45665.22 
 1291 , 45681.59 
 1292 , 45710.13 
 1293 , 45748.44 
 1294 , 45790.61 
 1295 , 45825.99 
 1296 , 45835.72 
 1297 , 45817.37 
 1298 , 45794.91 
 1299 , 45780.53 
 1300 , 45767.6 
 1301 , 45757.71 
 1302 , 45761.95 
 1303 , 45779.44 
 1304 , 45791.9 
 1305 , 45791.8 
 1306 , 45794.22 
 1307 , 45805.73 
 1308 , 45809.12 
 1309 , 45789.79 
 1310 , 45744.28 
 1311 , 45673.65 
 1312 , 45593.85 
 1313 , 45525.22 
 1314 , 45487.32 
 1315 , 45492.26 
 1316 , 45525.93 
 1317 , 45568.33 
 1318 , 45601.67 
 1319 , 45612.52 
 1320 , 45603.31 
 1321 , 45579.46 
 1322 , 45545.85 
 1323 , 45509.58 
 1324 , 45480.9 
 1325 , 45466.35 
 1326 , 45447.36 
 1327 , 45402.6 
 1328 , 45352.5 
 1329 , 45327.9 
 1330 , 45314.51 
 1331 , 45282.86 
 1332 , 45248.35 
 1333 , 45242.66 
 1334 , 45245.41 
 1335 , 45215.83 
 1336 , 45171.91 
 1337 , 45157.82 
 1338 , 45161.74 
 1339 , 45145.57 
 1340 , 45121.71 
 1341 , 45126.65 
 1342 , 45146.91 
 1343 , 45142.56 
 1344 , 45125.21 
 1345 , 45138.2 
 1346 , 45176.01 
 1347 , 45199.05 
 1348 , 45201.17 
 1349 , 45199.54 
 1350 , 45193.97 
 1351 , 45172.99 
 1352 , 45146.65 
 1353 , 45143.34 
 1354 , 45170.56 
 1355 , 45216.21 
 1356 , 45267.71 
 1357 , 45311.57 
 1358 , 45342.21 
 1359 , 45360.23 
 1360 , 45361.21 
 1361 , 45339.99 
 1362 , 45302.94 
 1363 , 45264.86 
 1364 , 45228.7 
 1365 , 45187.58 
 1366 , 45148.33 
 1367 , 45129.78 
 1368 , 45135.84 
 1369 , 45155.2 
 1370 , 45183.93 
 1371 , 45225.51 
 1372 , 45276.29 
 1373 , 45325.32 
 1374 , 45367 
 1375 , 45401.35 
 1376 , 45423.37 
 1377 , 45423.71 
 1378 , 45402.95 
 1379 , 45372.59 
 1380 , 45337.62 
 1381 , 45295.49 
 1382 , 45250.56 
 1383 , 45215.47 
 1384 , 45190.64 
 1385 , 45159.92 
 1386 , 45114.17 
 1387 , 45055.42 
 1388 , 44991.94 
 1389 , 44939.85 
 1390 , 44902.59 
 1391 , 44866.82 
 1392 , 44833.58 
 1393 , 44823.64 
 1394 , 44838.08 
 1395 , 44850.3 
 1396 , 44848.62 
 1397 , 44843.3 
 1398 , 44836.52 
 1399 , 44818.37 
 1400 , 44787.37 
 1401 , 44753.73 
 1402 , 44729.89 
 1403 , 44729.87 
 1404 , 44752.88 
 1405 , 44779.71 
 1406 , 44802.09 
 1407 , 44826.35 
 1408 , 44857.75 
 1409 , 44897.81 
 1410 , 44941.56 
 1411 , 44979.43 
 1412 , 44994.35 
 1413 , 44962 
 1414 , 44888.32 
 1415 , 44810.46 
 1416 , 44753.04 
 1417 , 44724.96 
 1418 , 44732.97 
 1419 , 44782.28 
 1420 , 44844.02 
 1421 , 44862.5 
 1422 , 44843.27 
 1423 , 44841.52 
 1424 , 44862.21 
 1425 , 44870.55 
 1426 , 44872.89 
 1427 , 44906 
 1428 , 44949.74 
 1429 , 44946.77 
 1430 , 44915.58 
 1431 , 44922.11 
 1432 , 44976.26 
 1433 , 45050.21 
 1434 , 45123.62 
 1435 , 45186.3 
 1436 , 45232.01 
 1437 , 45253.39 
 1438 , 45244.69 
 1439 , 45204.88 
 1440 , 45160.08 
 1441 , 45142.6 
 1442 , 45150.03 
 1443 , 45168.52 
 1444 , 45192.56 
 1445 , 45219.68 
 1446 , 45249.71 
 1447 , 45282.31 
 1448 , 45310.03 
 1449 , 45321.13 
 1450 , 45311.96 
 1451 , 45291.71 
 1452 , 45279.71 
 1453 , 45282.78 
 1454 , 45285.7 
 1455 , 45280.07 
 1456 , 45275.79 
 1457 , 45274.46 
 1458 , 45255.14 
 1459 , 45206.33 
 1460 , 45145.55 
 1461 , 45092.6 
 1462 , 45053.76 
 1463 , 45029.05 
 1464 , 45022.28 
 1465 , 45023.65 
 1466 , 44990.09 
 1467 , 44904.57 
 1468 , 44806.22 
 1469 , 44713.06 
 1470 , 44602.71 
 1471 , 44498.64 
 1472 , 44466.94 
 1473 , 44488.6 
 1474 , 44487.73 
 1475 , 44459.93 
 1476 , 44429.47 
 1477 , 44380.44 
 1478 , 44309.07 
 1479 , 44253.89 
 1480 , 44226.98 
 1481 , 44203.52 
 1482 , 44187.69 
 1483 , 44191.12 
 1484 , 44189.12 
 1485 , 44152.43 
 1486 , 44089.2 
 1487 , 44027.98 
 1488 , 43973.11 
 1489 , 43934.11 
 1490 , 43933.6 
 1491 , 43951.95 
 1492 , 43953.05 
 1493 , 43925.24 
 1494 , 43867.57 
 1495 , 43767.27 
 1496 , 43629.62 
 1497 , 43517.84 
 1498 , 43467.82 
 1499 , 43444.58 
 1500 , 43420.68 
 1501 , 43403.3 
 1502 , 43394.27 
 1503 , 43369.36 
 1504 , 43323.31 
 1505 , 43284.21 
 1506 , 43260.05 
 1507 , 43233.13 
 1508 , 43206.16 
 1509 , 43199.52 
 1510 , 43214.04 
 1511 , 43238.14 
 1512 , 43268.34 
 1513 , 43307.38 
 1514 , 43353.72 
 1515 , 43396.02 
 1516 , 43412.88 
 1517 , 43397.84 
 1518 , 43382.23 
 1519 , 43382.94 
 1520 , 43379.5 
 1521 , 43371.35 
 1522 , 43390.75 
 1523 , 43443.77 
 1524 , 43500.08 
 1525 , 43547.94 
 1526 , 43597.64 
 1527 , 43649.47 
 1528 , 43698.66 
 1529 , 43749.93 
 1530 , 43809.27 
 1531 , 43869.99 
 1532 , 43920.57 
 1533 , 43955.6 
 1534 , 43972.43 
 1535 , 43972.48 
 1536 , 43959.7 
 1537 , 43941.02 
 1538 , 43924.44 
 1539 , 43916.79 
 1540 , 43921.09 
 1541 , 43930.46 
 1542 , 43939.34 
 1543 , 43948.25 
 1544 , 43956.66 
 1545 , 43963.1 
 1546 , 43970.04 
 1547 , 43982.24 
 1548 , 43999.21 
 1549 , 44020.74 
 1550 , 44044.04 
 1551 , 44053.66 
 1552 , 44043.37 
 1553 , 44025.3 
 1554 , 44010.21 
 1555 , 43995.86 
 1556 , 43977.55 
 1557 , 43958.06 
 1558 , 43936.46 
 1559 , 43911.76 
 1560 , 43889.92 
 1561 , 43873.68 
 1562 , 43868.63 
 1563 , 43881.36 
 1564 , 43903.36 
 1565 , 43921.39 
 1566 , 43932.28 
 1567 , 43932.56 
 1568 , 43909.54 
 1569 , 43866.84 
 1570 , 43822.33 
 1571 , 43788.3 
 1572 , 43777.27 
 1573 , 43793.79 
 1574 , 43826.13 
 1575 , 43851.9 
 1576 , 43857.33 
 1577 , 43839.77 
 1578 , 43795.76 
 1579 , 43727.68 
 1580 , 43661.64 
 1581 , 43635.7 
 1582 , 43646.49 
 1583 , 43668.41 
 1584 , 43709.1 
 1585 , 43784.32 
 1586 , 43856.8 
 1587 , 43876.24 
 1588 , 43860.33 
 1589 , 43843.38 
 1590 , 43840.2 
 1591 , 43861.62 
 1592 , 43898.36 
 1593 , 43935.68 
 1594 , 43964.75 
 1595 , 43974.31 
 1596 , 43943.32 
 1597 , 43880.82 
 1598 , 43838.15 
 1599 , 43837.16 
 1600 , 43867.03 
 1601 , 43915 
 1602 , 43968.98 
 1603 , 44015.29 
 1604 , 44042.21 
 1605 , 44050.37 
 1606 , 44044.13 
 1607 , 44031.14 
 1608 , 44015.25 
 1609 , 43988.85 
 1610 , 43947.29 
 1611 , 43896.15 
 1612 , 43850.48 
 1613 , 43825.2 
 1614 , 43820.46 
 1615 , 43837.11 
 1616 , 43868.24 
 1617 , 43889.45 
 1618 , 43886.26 
 1619 , 43875 
 1620 , 43899.92 
 1621 , 43963.88 
 1622 , 44023.26 
 1623 , 44068.53 
 1624 , 44100.7 
 1625 , 44084.7 
 1626 , 43989.13 
 1627 , 43854.88 
 1628 , 43740.87 
 1629 , 43669.63 
 1630 , 43655.38 
 1631 , 43688.15 
 1632 , 43739.63 
 1633 , 43778.42 
 1634 , 43798.39 
 1635 , 43813.37 
 1636 , 43820.91 
 1637 , 43817.64 
 1638 , 43815.86 
 1639 , 43823.43 
 1640 , 43820.55 
 1641 , 43785.89 
 1642 , 43748.23 
 1643 , 43742.05 
 1644 , 43758.44 
 1645 , 43773.93 
 1646 , 43763.01 
 1647 , 43715.9 
 1648 , 43634.18 
 1649 , 43534.65 
 1650 , 43449.83 
 1651 , 43386.23 
 1652 , 43334.8 
 1653 , 43288.19 
 1654 , 43240.26 
 1655 , 43186.55 
 1656 , 43133 
 1657 , 43105.35 
 1658 , 43114.29 
 1659 , 43148.43 
 1660 , 43179.31 
 1661 , 43170.63 
 1662 , 43119.9 
 1663 , 43039.92 
 1664 , 42939.87 
 1665 , 42832.31 
 1666 , 42758.73 
 1667 , 42744.78 
 1668 , 42742.74 
 1669 , 42715.17 
 1670 , 42687.66 
 1671 , 42683.17 
 1672 , 42678.51 
 1673 , 42652.58 
 1674 , 42625.29 
 1675 , 42611.68 
 1676 , 42592.25 
 1677 , 42546.89 
 1678 , 42485.83 
 1679 , 42439.17 
 1680 , 42414.96 
 1681 , 42398.78 
 1682 , 42382.63 
 1683 , 42376.86 
 1684 , 42395.46 
 1685 , 42428.16 
 1686 , 42443.95 
 1687 , 42431.58 
 1688 , 42392.18 
 1689 , 42322.23 
 1690 , 42223.47 
 1691 , 42126.11 
 1692 , 42065.31 
 1693 , 42031.8 
 1694 , 42010.77 
 1695 , 42011.07 
 1696 , 42024.47 
 1697 , 42010.11 
 1698 , 41970.59 
 1699 , 41947.82 
 1700 , 41930.97 
 1701 , 41882.41 
 1702 , 41809.31 
 1703 , 41734.02 
 1704 , 41665.42 
 1705 , 41610.52 
 1706 , 41573.56 
 1707 , 41550.87 
 1708 , 41541.47 
 1709 , 41548.09 
 1710 , 41561.05 
 1711 , 41549.98 
 1712 , 41509.28 
 1713 , 41480.25 
 1714 , 41472.81 
 1715 , 41454.98 
 1716 , 41437.11 
 1717 , 41461.73 
 1718 , 41508.94 
 1719 , 41526.92 
 1720 , 41493.98 
 1721 , 41423.34 
 1722 , 41348.83 
 1723 , 41280.41 
 1724 , 41219.69 
 1725 , 41192.7 
 1726 , 41224.66 
 1727 , 41286 
 1728 , 41333.08 
 1729 , 41340.29 
 1730 , 41323.83 
 1731 , 41339.89 
 1732 , 41363.78 
 1733 , 41324.3 
 1734 , 41249.76 
 1735 , 41185.73 
 1736 , 41086.46 
 1737 , 40947.18 
 1738 , 40869.34 
 1739 , 40872.17 
 1740 , 40892.47 
 1741 , 40915.7 
 1742 , 40950.6 
 1743 , 40968.07 
 1744 , 40940.11 
 1745 , 40902.35 
 1746 , 40886.09 
 1747 , 40870.05 
 1748 , 40833.13 
 1749 , 40785.21 
 1750 , 40738.6 
 1751 , 40698.69 
 1752 , 40692.68 
 1753 , 40720.27 
 1754 , 40738.18 
 1755 , 40738.26 
 1756 , 40733.1 
 1757 , 40715.05 
 1758 , 40680.92 
 1759 , 40647.04 
 1760 , 40615.11 
 1761 , 40580.86 
 1762 , 40544.95 
 1763 , 40501.07 
 1764 , 40464.14 
 1765 , 40456.76 
 1766 , 40489.49 
 1767 , 40547.72 
 1768 , 40584.04 
 1769 , 40576.26 
 1770 , 40543.18 
 1771 , 40497.01 
 1772 , 40418.68 
 1773 , 40319.75 
 1774 , 40241.63 
 1775 , 40203.99 
 1776 , 40176.65 
 1777 , 40132.9 
 1778 , 40114.47 
 1779 , 40141.45 
 1780 , 40166.93 
 1781 , 40190.32 
 1782 , 40255.27 
 1783 , 40321.59 
 1784 , 40327.32 
 1785 , 40293.11 
 1786 , 40241.76 
 1787 , 40159.46 
 1788 , 40054.73 
 1789 , 39966.74 
 1790 , 39909.36 
 1791 , 39872.12 
 1792 , 39858.87 
 1793 , 39875.7 
 1794 , 39899.85 
 1795 , 39926.76 
 1796 , 39969.85 
 1797 , 40000.18 
 1798 , 39981.32 
 1799 , 39908.14 
 1800 , 39827.41 
 1801 , 39819.24 
 1802 , 39891.45 
 1803 , 40013.66 
 1804 , 40142.51 
 1805 , 40221.25 
 1806 , 40184.33 
 1807 , 40069.66 
 1808 , 39976.1 
 1809 , 39922.09 
 1810 , 39897.19 
 1811 , 39904.2 
 1812 , 39924.16 
 1813 , 39905.44 
 1814 , 39875.35 
 1815 , 39891.12 
 1816 , 39918.82 
 1817 , 39921.31 
 1818 , 39910.65 
 1819 , 39884.64 
 1820 , 39825.85 
 1821 , 39767.64 
 1822 , 39738.89 
 1823 , 39721.54 
 1824 , 39704.97 
 1825 , 39694.23 
 1826 , 39694.17 
 1827 , 39704.15 
 1828 , 39704.01 
 1829 , 39697.43 
 1830 , 39725.43 
 1831 , 39772.26 
 1832 , 39794.15 
 1833 , 39813.27 
 1834 , 39837.44 
 1835 , 39825.29 
 1836 , 39767.22 
 1837 , 39675.2 
 1838 , 39584.35 
 1839 , 39533.9 
 1840 , 39536.21 
 1841 , 39562.79 
 1842 , 39583.75 
 1843 , 39588.83 
 1844 , 39567.76 
 1845 , 39515.56 
 1846 , 39444.68 
 1847 , 39378.57 
 1848 , 39316.44 
 1849 , 39245.14 
 1850 , 39173.26 
 1851 , 39135.35 
 1852 , 39150.18 
 1853 , 39170.41 
 1854 , 39170.32 
 1855 , 39172.29 
 1856 , 39161.25 
 1857 , 39104.69 
 1858 , 39014.28 
 1859 , 38928.59 
 1860 , 38893.41 
 1861 , 38897.21 
 1862 , 38896.03 
 1863 , 38898.03 
 1864 , 38904.05 
 1865 , 38865.95 
 1866 , 38786.26 
 1867 , 38718.16 
 1868 , 38672.12 
 1869 , 38633.56 
 1870 , 38590 
 1871 , 38560.22 
 1872 , 38566.65 
 1873 , 38598.84 
 1874 , 38643.38 
 1875 , 38691.82 
 1876 , 38714.14 
 1877 , 38669.48 
 1878 , 38561.82 
 1879 , 38418.06 
 1880 , 38282.77 
 1881 , 38183.32 
 1882 , 38130.25 
 1883 , 38106.13 
 1884 , 38075.03 
 1885 , 38015.99 
 1886 , 37945 
 1887 , 37865.93 
 1888 , 37778.34 
 1889 , 37706.36 
 1890 , 37665.49 
 1891 , 37622.8 
 1892 , 37556.31 
 1893 , 37477.55 
 1894 , 37394.52 
 1895 , 37322.47 
 1896 , 37315.29 
 1897 , 37359.98 
 1898 , 37310.67 
 1899 , 37205.67 
 1900 , 37169.66 
 1901 , 37119.35 
 1902 , 37056.96 
 1903 , 37133.44 
 1904 , 37251.7 
 1905 , 37268.74 
 1906 , 37261.96 
 1907 , 37253.76 
 1908 , 37188.6 
 1909 , 37088.37 
 1910 , 36981.34 
 1911 , 36849.59 
 1912 , 36718.28 
 1913 , 36635.12 
 1914 , 36601.96 
 1915 , 36603.13 
 1916 , 36608.19 
 1917 , 36620.1 
 1918 , 36649.26 
 1919 , 36664.76 
 1920 , 36672.49 
 1921 , 36711.91 
 1922 , 36774.01 
 1923 , 36839.87 
 1924 , 36901.45 
 1925 , 36925.17 
 1926 , 36884.62 
 1927 , 36818.08 
 1928 , 36755.62 
 1929 , 36699.24 
 1930 , 36633.11 
 1931 , 36555.3 
 1932 , 36479 
 1933 , 36406.49 
 1934 , 36357.64 
 1935 , 36377.59 
 1936 , 36440.96 
 1937 , 36474.35 
 1938 , 36469.43 
 1939 , 36436.82 
 1940 , 36388.05 
 1941 , 36332.43 
 1942 , 36267.24 
 1943 , 36164.7 
 1944 , 36051.79 
 1945 , 35989.99 
 1946 , 35987.73 
 1947 , 36046.21 
 1948 , 36153.14 
 1949 , 36236 
 1950 , 36225.71 
 1951 , 36136.68 
 1952 , 36016.93 
 1953 , 35918.68 
 1954 , 35849.32 
 1955 , 35794.37 
 1956 , 35760.66 
 1957 , 35749.3 
 1958 , 35723.05 
 1959 , 35669.21 
 1960 , 35612.44 
 1961 , 35561.91 
 1962 , 35509.63 
 1963 , 35473.27 
 1964 , 35472.88 
 1965 , 35474.22 
 1966 , 35470.19 
 1967 , 35489.66 
 1968 , 35534.69 
 1969 , 35602.29 
 1970 , 35658.84 
 1971 , 35633.18 
 1972 , 35498.36 
 1973 , 35325.43 
 1974 , 35177.23 
 1975 , 35087.87 
 1976 , 35040.83 
 1977 , 35034.12 
 1978 , 35085.73 
 1979 , 35170.62 
 1980 , 35268.32 
 1981 , 35388.02 
 1982 , 35471.48 
 1983 , 35463.55 
 1984 , 35386.93 
 1985 , 35288.15 
 1986 , 35209.3 
 1987 , 35157.31 
 1988 , 35131.56 
 1989 , 35130.81 
 1990 , 35151.37 
 1991 , 35181.56 
 1992 , 35211.26 
 1993 , 35221.56 
 1994 , 35218.75 
 1995 , 35244.66 
 1996 , 35242.4 
 1997 , 35193.68 
 1998 , 35179.58 
 1999 , 35145.39 
 2000 , 35080.88 
 2001 , 35094.08 
 2002 , 35110.01 
 2003 , 35074.25 
 2004 , 35075.65 
 2005 , 35109.38 
 2006 , 35154.87 
 2007 , 35243 
 2008 , 35327.01 
 2009 , 35335.65 
 2010 , 35264.33 
 2011 , 35176.79 
 2012 , 35147.75 
 2013 , 35153.6 
 2014 , 35186.21 
 2015 , 35251.21 
 2016 , 35283.48 
 2017 , 35270.01 
 2018 , 35245.86 
 2019 , 35187.11 
 2020 , 35142.8 
 2021 , 35191.26 
 2022 , 35243.13 
 2023 , 35282.94 
 2024 , 35361.61 
 2025 , 35376.12 
 2026 , 35333.96 
 2027 , 35339.01 
 2028 , 35294.36 
 2029 , 35196.65 
 2030 , 35153.63 
 2031 , 35121.13 
 2032 , 35095.14 
 2033 , 35152.26 
 2034 , 35230.38 
 2035 , 35273.3 
 2036 , 35304.4 
 2037 , 35330.04 
 2038 , 35329.66 
 2039 , 35279.98 
 2040 , 35204.79 
 2041 , 35144.35 
 2042 , 35121.87 
 2043 , 35114.06 
 2044 , 35116.54 
 2045 , 35130.86 
 2046 , 35138.19 
 2047 , 35133.73 
 2048 , 35121.6 
 2049 , 35093.83 
 2050 , 35040.59 
 2051 , 34973.76 
 2052 , 34937.38 
 2053 , 34922.18 
 2054 , 34904.56 
 2055 , 34892.61 
 2056 , 34878.69 
 2057 , 34851.48 
 2058 , 34815.11 
 2059 , 34772.92 
 2060 , 34715.57 
 2061 , 34642.3 
 2062 , 34604.95 
 2063 , 34612.58 
 2064 , 34622.85 
 2065 , 34672.79 
 2066 , 34746.47 
 2067 , 34763.04 
 2068 , 34763.3 
 2069 , 34741.29 
 2070 , 34638.97 
 2071 , 34522.38 
 2072 , 34412.76 
 2073 , 34307.44 
 2074 , 34269.57 
 2075 , 34286.89 
 2076 , 34304.46 
 2077 , 34311.16 
 2078 , 34312.4 
 2079 , 34290.11 
 2080 , 34221.41 
 2081 , 34113.67 
 2082 , 33989.75 
 2083 , 33876.2 
 2084 , 33771.67 
 2085 , 33659.63 
 2086 , 33559.07 
 2087 , 33515.19 
 2088 , 33457.15 
 2089 , 33343.96 
 2090 , 33266.03 
 2091 , 33213.62 
 2092 , 33154.84 
 2093 , 33112.48 
 2094 , 33163.9 
 2095 , 33237.81 
 2096 , 33216.12 
 2097 , 33176.91 
 2098 , 33073.55 
 2099 , 32914.7 
 2100 , 32883.45 
 2101 , 32920.4 
 2102 , 32921.22 
 2103 , 32849.95 
 2104 , 32758.73 
 2105 , 32700.34 
 2106 , 32688.44 
 2107 , 32676.92 
 2108 , 32624.25 
 2109 , 32547.19 
 2110 , 32500.72 
 2111 , 32500.37 
 2112 , 32484.22 
 2113 , 32390.2 
 2114 , 32226.75 
 2115 , 32002.6 
 2116 , 31837.96 
 2117 , 31882.19 
 2118 , 32006.21 
 2119 , 32092.39 
 2120 , 32102.73 
 2121 , 31980.86 
 2122 , 31764.7 
 2123 , 31555.68 
 2124 , 31429.6 
 2125 , 31348.26 
 2126 , 31271.17 
 2127 , 31203.64 
 2128 , 31180.61 
 2129 , 31189.82 
 2130 , 31259.38 
 2131 , 31402.3 
 2132 , 31412.86 
 2133 , 31294.92 
 2134 , 31173.81 
 2135 , 31054.51 
 2136 , 30994.96 
 2137 , 31004.24 
 2138 , 31011.01 
 2139 , 30949.79 
 2140 , 30833.25 
 2141 , 30703.16 
 2142 , 30594.37 
 2143 , 30554.05 
 2144 , 30580.69 
 2145 , 30607.71 
 2146 , 30543.99 
 2147 , 30454.29 
 2148 , 30400.53 
 2149 , 30369.63 
 2150 , 30331.81 
 2151 , 30254 
 2152 , 30150.82 
 2153 , 30056.05 
 2154 , 29992.57 
 2155 , 29984.26 
 2156 , 29990.26 
 2157 , 29928.89 
 2158 , 29779.4 
 2159 , 29684.72 
 2160 , 29683.21 
 2161 , 29679.48 
 2162 , 29746.71 
 2163 , 29770.53 
 2164 , 29682.49 
 2165 , 29602.71 
 2166 , 29494.51 
 2167 , 29421.12 
 2168 , 29426.42 
 2169 , 29435.38 
 2170 , 29440.07 
 2171 , 29367.56 
 2172 , 29248.42 
 2173 , 29239.07 
 2174 , 29270.57 
 2175 , 29276.11 
 2176 , 29229.75 
 2177 , 29111.94 
 2178 , 28969.83 
 2179 , 28910.78 
 2180 , 28942.31 
 2181 , 28981.11 
 2182 , 29067.91 
 2183 , 29112.68 
 2184 , 29107.01 
 2185 , 29113.14 
 2186 , 29029.67 
 2187 , 28963.33 
 2188 , 28930.96 
 2189 , 28844.28 
 2190 , 28777.57 
 2191 , 28671.63 
 2192 , 28580.28 
 2193 , 28550.65 
 2194 , 28503.59 
 2195 , 28539.03 
 2196 , 28583.25 
 2197 , 28565.76 
 2198 , 28518.26 
 2199 , 28380.48 
 2200 , 28278.41 
 2201 , 28232.84 
 2202 , 28139.2 
 2203 , 27993.95 
 2204 , 27864.01 
 2205 , 27825.95 
 2206 , 27861.22 
 2207 , 27858.19 
 2208 , 27788.62 
 2209 , 27659.54 
 2210 , 27537.66 
 2211 , 27512.93 
 2212 , 27589.01 
 2213 , 27583.7 
 2214 , 27594.52 
 2215 , 27600.61 
 2216 , 27478.27 
 2217 , 27487.89 
 2218 , 27429.63 
 2219 , 27315.98 
 2220 , 27241.47 
 2221 , 27147.71 
 2222 , 27140.39 
 2223 , 27122.24 
 2224 , 26988.57 
 2225 , 26760.45 
 2226 , 26566.24 
 2227 , 26526.5 
 2228 , 26536.13 
 2229 , 26563.98 
 2230 , 26566.42 
 2231 , 26426.37 
 2232 , 26320.08 
 2233 , 26284.33 
 2234 , 26306.41 
 2235 , 26385.47 
 2236 , 26479.63 
 2237 , 26488.72 
 2238 , 26378.33 
 2239 , 26223.45 
 2240 , 26115.44 
 2241 , 26100.56 
 2242 , 26191.61 
 2243 , 26240.33 
 2244 , 26214.51 
 2245 , 26119.47 
 2246 , 26001.11 
 2247 , 26013.42 
 2248 , 26147.55 
 2249 , 26235.11 
 2250 , 26137.52 
 2251 , 25937.37 
 2252 , 25856.65 
 2253 , 25934.28 
 2254 , 26142.36 
 2255 , 26171.42 
 2256 , 26047.21 
 2257 , 25981.85 
 2258 , 25914.64 
 2259 , 25916.64 
 2260 , 25860.26 
 2261 , 25696.12 
 2262 , 25592.94 
 2263 , 25666.43 
 2264 , 25775.48 
 2265 , 25803.29 
 2266 , 25692.07 
 2267 , 25528.96 
 2268 , 25485.84 
 2269 , 25524.04 
 2270 , 25475.02 
 2271 , 25469.25 
 2272 , 25370.2 
 2273 , 25189.37 
 2274 , 25016.47 
 2275 , 24896.8 
 2276 , 24922.17 
 2277 , 25100.26 
 2278 , 25069.3 
 2279 , 25018.12 
 2280 , 24985.56 
 2281 , 24936.01 
 2282 , 24899.01 
 2283 , 24827.47 
 2284 , 24713.78 
 2285 , 24641.41 
 2286 , 24547.56 
 2287 , 24513.65 
 2288 , 24499.07 
 2289 , 24462.82 
 2290 , 24412.13 
 2291 , 24222.25 
 2292 , 24137.44 
 2293 , 24083.92 
 2294 , 24105.3 
 2295 , 24136.85 
 2296 , 24155.29 
 2297 , 24175.09 
 2298 , 24151.11 
 2299 , 24208.5 
 2300 , 24345.42 
 2301 , 24271.13 
 2302 , 24051.77 
 2303 , 23668.57 
 2304 , 23474.67 
 2305 , 23564.52 
 2306 , 23680.92 
 2307 , 23940.38 
 2308 , 23917.59 
 2309 , 23992.23 
 2310 , 23914.07 
 2311 , 23859.69 
 2312 , 23722.82 
 2313 , 23455.12 
 2314 , 23166.2 
 2315 , 22974.65 
 2316 , 23075.41 
 2317 , 23291.8 
 2318 , 23482.84 
 2319 , 6127.64 
 2320 , 6146.72 
 2321 , 6168.3 
 2322 , 6188.35 
 2323 , 6209.07 
 2324 , 6228.86 
 2325 , 6242.58 
 2326 , 6252.89 
 2327 , 6264.73 
 2328 , 6279.81 
 2329 , 6297.17 
 2330 , 6313.83 
 2331 , 6331.35 
 2332 , 6351.44 
 2333 , 6368.47 
 2334 , 6380.45 
 2335 , 6392.3 
 2336 , 6405.21 
 2337 , 6418.65 
 2338 , 6435.24 
 2339 , 6455.69 
