03-03-2024,14:02:41
Wavenumber(cm-1),Intensity
 250 , 2390.71 
 251 , 2390.71 
 252 , 2389.54 
 253 , 2388.38 
 254 , 2382.86 
 255 , 2371.6 
 256 , 2359.85 
 257 , 2353.06 
 258 , 2350.55 
 259 , 2348.49 
 260 , 2345.71 
 261 , 2345.71 
 262 , 2351.3 
 263 , 2358.1 
 264 , 2358.99 
 265 , 2352.05 
 266 , 2342.25 
 267 , 2333.84 
 268 , 2325.32 
 269 , 2313.61 
 270 , 2299.82 
 271 , 2289.25 
 272 , 2285.88 
 273 , 2288.26 
 274 , 2293.91 
 275 , 2301.77 
 276 , 2311.94 
 277 , 2323.89 
 278 , 2335.37 
 279 , 2344.08 
 280 , 2349.96 
 281 , 2354.3 
 282 , 2357.43 
 283 , 2357.89 
 284 , 2354.28 
 285 , 2347.52 
 286 , 2339.51 
 287 , 2330.8 
 288 , 2320.11 
 289 , 2306.89 
 290 , 2294.71 
 291 , 2288.26 
 292 , 2287.28 
 293 , 2286.42 
 294 , 2282.12 
 295 , 2277.8 
 296 , 2278.01 
 297 , 2281.9 
 298 , 2284.53 
 299 , 2283.4 
 300 , 2282.09 
 301 , 2284.56 
 302 , 2290.14 
 303 , 2295.64 
 304 , 2299.47 
 305 , 2302.79 
 306 , 2306.6 
 307 , 2309.5 
 308 , 2309.21 
 309 , 2305.67 
 310 , 2301.45 
 311 , 2298.58 
 312 , 2296.31 
 313 , 2293.37 
 314 , 2291.28 
 315 , 2293.91 
 316 , 2302.91 
 317 , 2313.68 
 318 , 2321.12 
 319 , 2326.01 
 320 , 2332.49 
 321 , 2341.49 
 322 , 2348.02 
 323 , 2347.44 
 324 , 2341.59 
 325 , 2334.7 
 326 , 2327.88 
 327 , 2318.32 
 328 , 2304.69 
 329 , 2292.74 
 330 , 2289.56 
 331 , 2295.69 
 332 , 2306.14 
 333 , 2316.73 
 334 , 2325.8 
 335 , 2332.17 
 336 , 2335.19 
 337 , 2334.52 
 338 , 2330.66 
 339 , 2325.49 
 340 , 2320.98 
 341 , 2318.57 
 342 , 2319.48 
 343 , 2322.79 
 344 , 2325.17 
 345 , 2324.25 
 346 , 2321.46 
 347 , 2319.06 
 348 , 2319.53 
 349 , 2325.49 
 350 , 2337.74 
 351 , 2353.09 
 352 , 2368.03 
 353 , 2380.3 
 354 , 2388.21 
 355 , 2391.23 
 356 , 2390.48 
 357 , 2387.1 
 358 , 2382.02 
 359 , 2376.12 
 360 , 2370.1 
 361 , 2364.54 
 362 , 2360.01 
 363 , 2357.19 
 364 , 2356.74 
 365 , 2359.03 
 366 , 2364.27 
 367 , 2372.43 
 368 , 2383.09 
 369 , 2395.33 
 370 , 2406.02 
 371 , 2411.41 
 372 , 2411.25 
 373 , 2408.79 
 374 , 2406.01 
 375 , 2400.37 
 376 , 2389.14 
 377 , 2376.67 
 378 , 2371.74 
 379 , 2377.63 
 380 , 2387.6 
 381 , 2395.15 
 382 , 2401.69 
 383 , 2411.35 
 384 , 2423.44 
 385 , 2431.97 
 386 , 2432.88 
 387 , 2429.14 
 388 , 2424.97 
 389 , 2421.78 
 390 , 2419.14 
 391 , 2416.43 
 392 , 2412.62 
 393 , 2407 
 394 , 2400.47 
 395 , 2394.58 
 396 , 2390.37 
 397 , 2388.29 
 398 , 2388.91 
 399 , 2393.24 
 400 , 2402.16 
 401 , 2414.04 
 402 , 2425.63 
 403 , 2434.71 
 404 , 2440.92 
 405 , 2444.17 
 406 , 2444.54 
 407 , 2442.19 
 408 , 2438.21 
 409 , 2434.64 
 410 , 2433.09 
 411 , 2433.88 
 412 , 2436.93 
 413 , 2440.76 
 414 , 2443.08 
 415 , 2443.1 
 416 , 2442.49 
 417 , 2442.61 
 418 , 2442.15 
 419 , 2439.08 
 420 , 2433.9 
 421 , 2429.49 
 422 , 2427.12 
 423 , 2423.56 
 424 , 2415.52 
 425 , 2405.1 
 426 , 2397.13 
 427 , 2392.85 
 428 , 2388.47 
 429 , 2381.39 
 430 , 2375.24 
 431 , 2374.89 
 432 , 2379.31 
 433 , 2382.98 
 434 , 2383.23 
 435 , 2383.64 
 436 , 2387.74 
 437 , 2393.58 
 438 , 2397.08 
 439 , 2397.23 
 440 , 2396.48 
 441 , 2396.82 
 442 , 2398.25 
 443 , 2400.42 
 444 , 2403.39 
 445 , 2407.45 
 446 , 2412.84 
 447 , 2419.73 
 448 , 2427.8 
 449 , 2434.35 
 450 , 2436.17 
 451 , 2433.93 
 452 , 2431.49 
 453 , 2430.79 
 454 , 2429.21 
 455 , 2424.17 
 456 , 2417.95 
 457 , 2414.73 
 458 , 2414.74 
 459 , 2413.69 
 460 , 2408.57 
 461 , 2401.49 
 462 , 2395.34 
 463 , 2390.41 
 464 , 2385.57 
 465 , 2380.56 
 466 , 2376.54 
 467 , 2374.79 
 468 , 2376.45 
 469 , 2382.38 
 470 , 2389.89 
 471 , 2393.45 
 472 , 2390.47 
 473 , 2384.57 
 474 , 2379.45 
 475 , 2374.38 
 476 , 2367.06 
 477 , 2358.37 
 478 , 2352.43 
 479 , 2351.61 
 480 , 2353.12 
 481 , 2353.69 
 482 , 2353.75 
 483 , 2355.51 
 484 , 2359.31 
 485 , 2363.06 
 486 , 2365.1 
 487 , 2366.02 
 488 , 2366.91 
 489 , 2368.77 
 490 , 2372.56 
 491 , 2377.18 
 492 , 2378.21 
 493 , 2372.66 
 494 , 2365.48 
 495 , 2363.1 
 496 , 2360.77 
 497 , 2345.21 
 498 , 2320.99 
 499 , 2328.51 
 500 , 2400.66 
 501 , 2504 
 502 , 2583.82 
 503 , 2624.88 
 504 , 2648.23 
 505 , 2661.35 
 506 , 2636.1 
 507 , 2547.61 
 508 , 2428.87 
 509 , 2335.82 
 510 , 2288.24 
 511 , 2266.84 
 512 , 2255.88 
 513 , 2255.05 
 514 , 2265.65 
 515 , 2280.11 
 516 , 2286.8 
 517 , 2283.57 
 518 , 2279.88 
 519 , 2282.29 
 520 , 2285.57 
 521 , 2282.95 
 522 , 2275.24 
 523 , 2267.44 
 524 , 2261.84 
 525 , 2257.02 
 526 , 2251.79 
 527 , 2246.9 
 528 , 2243.4 
 529 , 2240.69 
 530 , 2237.23 
 531 , 2232.58 
 532 , 2228.11 
 533 , 2224.94 
 534 , 2222.68 
 535 , 2220.52 
 536 , 2217.32 
 537 , 2211.68 
 538 , 2204.06 
 539 , 2197.83 
 540 , 2195.77 
 541 , 2196.8 
 542 , 2199.18 
 543 , 2205.09 
 544 , 2219.46 
 545 , 2242.36 
 546 , 2265.58 
 547 , 2281.84 
 548 , 2291.54 
 549 , 2296.94 
 550 , 2296.75 
 551 , 2287.16 
 552 , 2268.86 
 553 , 2250.42 
 554 , 2239.1 
 555 , 2232.47 
 556 , 2225.71 
 557 , 2218.68 
 558 , 2214.62 
 559 , 2214.23 
 560 , 2213.62 
 561 , 2209.67 
 562 , 2204.56 
 563 , 2201.78 
 564 , 2201.88 
 565 , 2203.31 
 566 , 2205.62 
 567 , 2210.24 
 568 , 2217.77 
 569 , 2224.46 
 570 , 2225.79 
 571 , 2222.74 
 572 , 2220.04 
 573 , 2219.16 
 574 , 2216.17 
 575 , 2208.69 
 576 , 2202.79 
 577 , 2205.81 
 578 , 2213.95 
 579 , 2216.36 
 580 , 2208.41 
 581 , 2195.07 
 582 , 2180.9 
 583 , 2165.55 
 584 , 2147.94 
 585 , 2131.45 
 586 , 2122.09 
 587 , 2122.01 
 588 , 2127.9 
 589 , 2136.74 
 590 , 2148 
 591 , 2161.42 
 592 , 2174.94 
 593 , 2185.56 
 594 , 2191.7 
 595 , 2193.63 
 596 , 2191.44 
 597 , 2184.48 
 598 , 2172.54 
 599 , 2160.14 
 600 , 2153.84 
 601 , 2154.9 
 602 , 2158.8 
 603 , 2162.35 
 604 , 2166.55 
 605 , 2172.5 
 606 , 2177.82 
 607 , 2178.87 
 608 , 2176.76 
 609 , 2176.94 
 610 , 2182.34 
 611 , 2190.05 
 612 , 2196.68 
 613 , 2200.06 
 614 , 2198.64 
 615 , 2193.52 
 616 , 2187.81 
 617 , 2182.76 
 618 , 2176.14 
 619 , 2166.97 
 620 , 2161.08 
 621 , 2165.3 
 622 , 2176.66 
 623 , 2186.03 
 624 , 2189.84 
 625 , 2192.6 
 626 , 2197.38 
 627 , 2200.23 
 628 , 2196.51 
 629 , 2188.25 
 630 , 2180.78 
 631 , 2176.6 
 632 , 2174.88 
 633 , 2174.88 
 634 , 2176.63 
 635 , 2180.13 
 636 , 2184.49 
 637 , 2188.5 
 638 , 2192.45 
 639 , 2197.89 
 640 , 2204.21 
 641 , 2206.35 
 642 , 2201.58 
 643 , 2200.55 
 644 , 2216.79 
 645 , 2250.32 
 646 , 2292 
 647 , 2334.72 
 648 , 2374.68 
 649 , 2407.27 
 650 , 2424.12 
 651 , 2417.19 
 652 , 2387.73 
 653 , 2341.85 
 654 , 2289.22 
 655 , 2243.45 
 656 , 2213.06 
 657 , 2193.75 
 658 , 2180.2 
 659 , 2172.4 
 660 , 2171.98 
 661 , 2176.31 
 662 , 2179.42 
 663 , 2178.77 
 664 , 2177.84 
 665 , 2179.91 
 666 , 2184.97 
 667 , 2192.01 
 668 , 2197.69 
 669 , 2197.47 
 670 , 2190.6 
 671 , 2180.85 
 672 , 2171.04 
 673 , 2160.73 
 674 , 2149.71 
 675 , 2141.87 
 676 , 2142.28 
 677 , 2148.8 
 678 , 2153.39 
 679 , 2152.05 
 680 , 2148.29 
 681 , 2145.19 
 682 , 2141.4 
 683 , 2134.9 
 684 , 2128.43 
 685 , 2127.26 
 686 , 2132.46 
 687 , 2140.19 
 688 , 2147.47 
 689 , 2154.11 
 690 , 2160.21 
 691 , 2165.01 
 692 , 2167.48 
 693 , 2167.78 
 694 , 2166.96 
 695 , 2166.17 
 696 , 2166.69 
 697 , 2169.16 
 698 , 2171.98 
 699 , 2173.35 
 700 , 2173.81 
 701 , 2174.98 
 702 , 2177.13 
 703 , 2179.19 
 704 , 2180.91 
 705 , 2183.99 
 706 , 2189.65 
 707 , 2195.72 
 708 , 2199.2 
 709 , 2199.14 
 710 , 2195.92 
 711 , 2189.92 
 712 , 2181.6 
 713 , 2171.84 
 714 , 2162.84 
 715 , 2156.76 
 716 , 2154.51 
 717 , 2156.4 
 718 , 2161.27 
 719 , 2166.76 
 720 , 2171.04 
 721 , 2173.15 
 722 , 2172.64 
 723 , 2170.6 
 724 , 2168.37 
 725 , 2166.85 
 726 , 2166.73 
 727 , 2168.03 
 728 , 2170.2 
 729 , 2172.87 
 730 , 2176.09 
 731 , 2179.95 
 732 , 2184.43 
 733 , 2189.36 
 734 , 2193.59 
 735 , 2195.44 
 736 , 2194.89 
 737 , 2193.57 
 738 , 2191.81 
 739 , 2186.93 
 740 , 2177.04 
 741 , 2165.6 
 742 , 2157.12 
 743 , 2150.68 
 744 , 2142.28 
 745 , 2131.83 
 746 , 2123.97 
 747 , 2121.41 
 748 , 2121.87 
 749 , 2122.91 
 750 , 2124.98 
 751 , 2129.26 
 752 , 2134.73 
 753 , 2139.02 
 754 , 2141.48 
 755 , 2143.66 
 756 , 2146.61 
 757 , 2149.71 
 758 , 2152.34 
 759 , 2155.34 
 760 , 2159.85 
 761 , 2165.67 
 762 , 2171.64 
 763 , 2176.22 
 764 , 2177.42 
 765 , 2174.28 
 766 , 2168.59 
 767 , 2162.47 
 768 , 2157.47 
 769 , 2154.95 
 770 , 2155.9 
 771 , 2161.02 
 772 , 2169.15 
 773 , 2176.76 
 774 , 2181.57 
 775 , 2184.82 
 776 , 2187.82 
 777 , 2189.69 
 778 , 2189.16 
 779 , 2188.49 
 780 , 2191.98 
 781 , 2198.6 
 782 , 2200.96 
 783 , 2195.14 
 784 , 2186.11 
 785 , 2179.04 
 786 , 2174.13 
 787 , 2170.36 
 788 , 2169.04 
 789 , 2172.71 
 790 , 2181.59 
 791 , 2193.33 
 792 , 2205.13 
 793 , 2213.67 
 794 , 2216.75 
 795 , 2217.22 
 796 , 2218.68 
 797 , 2219.82 
 798 , 2217.18 
 799 , 2214.9 
 800 , 2224.33 
 801 , 2248 
 802 , 2272.14 
 803 , 2285.74 
 804 , 2293.57 
 805 , 2301.71 
 806 , 2301.29 
 807 , 2278.22 
 808 , 2239.76 
 809 , 2210.3 
 810 , 2202.55 
 811 , 2211.04 
 812 , 2229.78 
 813 , 2255.49 
 814 , 2284.23 
 815 , 2305.36 
 816 , 2307.37 
 817 , 2296.47 
 818 , 2290.38 
 819 , 2297.25 
 820 , 2313.33 
 821 , 2335.44 
 822 , 2363.26 
 823 , 2394.41 
 824 , 2415.94 
 825 , 2413.82 
 826 , 2389.91 
 827 , 2354.23 
 828 , 2315.61 
 829 , 2281.65 
 830 , 2256.05 
 831 , 2235.9 
 832 , 2219.23 
 833 , 2209.04 
 834 , 2207.98 
 835 , 2210.02 
 836 , 2206.5 
 837 , 2197.58 
 838 , 2189.6 
 839 , 2185.1 
 840 , 2181.6 
 841 , 2177.73 
 842 , 2175.39 
 843 , 2176.24 
 844 , 2179.12 
 845 , 2182.2 
 846 , 2185.07 
 847 , 2188.02 
 848 , 2191.57 
 849 , 2196.44 
 850 , 2202.24 
 851 , 2206.8 
 852 , 2208.78 
 853 , 2209.84 
 854 , 2211.67 
 855 , 2213.27 
 856 , 2212.87 
 857 , 2210.41 
 858 , 2206.92 
 859 , 2203.1 
 860 , 2199.3 
 861 , 2195.97 
 862 , 2193.75 
 863 , 2193.09 
 864 , 2193.79 
 865 , 2195.39 
 866 , 2196.78 
 867 , 2196.65 
 868 , 2195.29 
 869 , 2194.08 
 870 , 2193.71 
 871 , 2194 
 872 , 2195.2 
 873 , 2198.76 
 874 , 2204.89 
 875 , 2208.33 
 876 , 2203.8 
 877 , 2196.49 
 878 , 2195.62 
 879 , 2199.61 
 880 , 2198.45 
 881 , 2190.65 
 882 , 2186.63 
 883 , 2191.43 
 884 , 2195.58 
 885 , 2190.77 
 886 , 2182.86 
 887 , 2180.34 
 888 , 2183.25 
 889 , 2187.66 
 890 , 2191.6 
 891 , 2194.71 
 892 , 2196.74 
 893 , 2197.53 
 894 , 2196.82 
 895 , 2194.04 
 896 , 2188.92 
 897 , 2182.6 
 898 , 2176.49 
 899 , 2171.25 
 900 , 2167.16 
 901 , 2164.91 
 902 , 2165.49 
 903 , 2169.08 
 904 , 2174.87 
 905 , 2181.89 
 906 , 2189.08 
 907 , 2196.11 
 908 , 2205.62 
 909 , 2220.15 
 910 , 2236.2 
 911 , 2248.06 
 912 , 2255.52 
 913 , 2262.33 
 914 , 2269.8 
 915 , 2276.13 
 916 , 2280.74 
 917 , 2285.71 
 918 , 2292.74 
 919 , 2301.09 
 920 , 2309.24 
 921 , 2314.33 
 922 , 2313.37 
 923 , 2307.19 
 924 , 2299.02 
 925 , 2290.3 
 926 , 2280.53 
 927 , 2269.61 
 928 , 2258.21 
 929 , 2247.25 
 930 , 2238.25 
 931 , 2232.5 
 932 , 2229.84 
 933 , 2229.57 
 934 , 2230.08 
 935 , 2229.42 
 936 , 2227.36 
 937 , 2225.08 
 938 , 2222.44 
 939 , 2217.44 
 940 , 2209.23 
 941 , 2199.86 
 942 , 2190.93 
 943 , 2181.03 
 944 , 2168.92 
 945 , 2159.14 
 946 , 2157.79 
 947 , 2162.59 
 948 , 2166.1 
 949 , 2166.97 
 950 , 2170.16 
 951 , 2176.37 
 952 , 2178.93 
 953 , 2174.26 
 954 , 2168.95 
 955 , 2169.08 
 956 , 2171.02 
 957 , 2169.29 
 958 , 2164.98 
 959 , 2161.96 
 960 , 2160.22 
 961 , 2157.01 
 962 , 2152.87 
 963 , 2152.22 
 964 , 2156.01 
 965 , 2158.46 
 966 , 2155.92 
 967 , 2153.29 
 968 , 2155.4 
 969 , 2159.22 
 970 , 2159.91 
 971 , 2157.9 
 972 , 2156.1 
 973 , 2154.87 
 974 , 2152.62 
 975 , 2149.82 
 976 , 2149.44 
 977 , 2152.44 
 978 , 2155.65 
 979 , 2156.46 
 980 , 2155.2 
 981 , 2152.54 
 982 , 2147.9 
 983 , 2140.86 
 984 , 2134.89 
 985 , 2134.95 
 986 , 2139.34 
 987 , 2141.5 
 988 , 2140.3 
 989 , 2140.99 
 990 , 2144.12 
 991 , 2141.21 
 992 , 2128.29 
 993 , 2116.4 
 994 , 2115.86 
 995 , 2122.22 
 996 , 2128.23 
 997 , 2136.47 
 998 , 2153.08 
 999 , 2175.1 
 1000 , 2193.51 
 1001 , 2203.62 
 1002 , 2205.31 
 1003 , 2200.62 
 1004 , 2194.65 
 1005 , 2189.87 
 1006 , 2181.98 
 1007 , 2168.26 
 1008 , 2155.4 
 1009 , 2150.42 
 1010 , 2149.23 
 1011 , 2144.66 
 1012 , 2139.32 
 1013 , 2140.78 
 1014 , 2148.24 
 1015 , 2153.93 
 1016 , 2154.93 
 1017 , 2154.74 
 1018 , 2155.21 
 1019 , 2154.36 
 1020 , 2151.13 
 1021 , 2148.12 
 1022 , 2148.08 
 1023 , 2151.53 
 1024 , 2158.06 
 1025 , 2164.98 
 1026 , 2169.07 
 1027 , 2171.46 
 1028 , 2175.83 
 1029 , 2180.43 
 1030 , 2178.54 
 1031 , 2169.66 
 1032 , 2162.03 
 1033 , 2159.9 
 1034 , 2158.33 
 1035 , 2154.3 
 1036 , 2154.03 
 1037 , 2163.11 
 1038 , 2176.12 
 1039 , 2185.43 
 1040 , 2190.31 
 1041 , 2192.85 
 1042 , 2193.39 
 1043 , 2191.06 
 1044 , 2185.2 
 1045 , 2175.4 
 1046 , 2164.12 
 1047 , 2157.62 
 1048 , 2158.25 
 1049 , 2160.33 
 1050 , 2160.57 
 1051 , 2165.24 
 1052 , 2178.88 
 1053 , 2191.13 
 1054 , 2190.42 
 1055 , 2183 
 1056 , 2180.69 
 1057 , 2179.35 
 1058 , 2167 
 1059 , 2155.52 
 1060 , 2175.77 
 1061 , 2226.44 
 1062 , 2267.96 
 1063 , 2279.85 
 1064 , 2277.19 
 1065 , 2270.48 
 1066 , 2251.06 
 1067 , 2213.76 
 1068 , 2175.69 
 1069 , 2155.29 
 1070 , 2152.08 
 1071 , 2159.01 
 1072 , 2165.95 
 1073 , 2162.47 
 1074 , 2152.61 
 1075 , 2149.44 
 1076 , 2154.44 
 1077 , 2158.19 
 1078 , 2157.01 
 1079 , 2155.19 
 1080 , 2154.54 
 1081 , 2151.4 
 1082 , 2144.2 
 1083 , 2138.32 
 1084 , 2138.36 
 1085 , 2141.87 
 1086 , 2145.4 
 1087 , 2149.03 
 1088 , 2154.03 
 1089 , 2161.61 
 1090 , 2172.61 
 1091 , 2183.86 
 1092 , 2189.67 
 1093 , 2188.32 
 1094 , 2181.77 
 1095 , 2173.08 
 1096 , 2166.37 
 1097 , 2163.23 
 1098 , 2160.64 
 1099 , 2157.16 
 1100 , 2156.13 
 1101 , 2159.61 
 1102 , 2162.92 
 1103 , 2161.27 
 1104 , 2156.29 
 1105 , 2151.38 
 1106 , 2149.05 
 1107 , 2151.08 
 1108 , 2155.86 
 1109 , 2159.99 
 1110 , 2163.48 
 1111 , 2168.79 
 1112 , 2174.8 
 1113 , 2176.58 
 1114 , 2173.83 
 1115 , 2173.02 
 1116 , 2176.85 
 1117 , 2179.87 
 1118 , 2178.36 
 1119 , 2175.63 
 1120 , 2174.57 
 1121 , 2172.66 
 1122 , 2167.2 
 1123 , 2161.06 
 1124 , 2158.08 
 1125 , 2156.99 
 1126 , 2154.6 
 1127 , 2151.08 
 1128 , 2148.57 
 1129 , 2149.69 
 1130 , 2157.29 
 1131 , 2169.75 
 1132 , 2181.04 
 1133 , 2187.83 
 1134 , 2190.68 
 1135 , 2190.43 
 1136 , 2187.96 
 1137 , 2184.75 
 1138 , 2183.62 
 1139 , 2186.82 
 1140 , 2194.02 
 1141 , 2203.95 
 1142 , 2213.6 
 1143 , 2219.68 
 1144 , 2220.36 
 1145 , 2214.7 
 1146 , 2205.2 
 1147 , 2195.89 
 1148 , 2188.74 
 1149 , 2184.52 
 1150 , 2185.22 
 1151 , 2193.71 
 1152 , 2207.94 
 1153 , 2220.67 
 1154 , 2229.46 
 1155 , 2238.88 
 1156 , 2251.1 
 1157 , 2263.05 
 1158 , 2272.29 
 1159 , 2279.12 
 1160 , 2283.1 
 1161 , 2280.49 
 1162 , 2268.73 
 1163 , 2252.77 
 1164 , 2239.06 
 1165 , 2231.6 
 1166 , 2232.81 
 1167 , 2239.81 
 1168 , 2247.35 
 1169 , 2250.54 
 1170 , 2244.98 
 1171 , 2230.87 
 1172 , 2211.75 
 1173 , 2192.32 
 1174 , 2178.27 
 1175 , 2173.66 
 1176 , 2180.56 
 1177 , 2196.22 
 1178 , 2210.97 
 1179 , 2218.8 
 1180 , 2221.4 
 1181 , 2220.36 
 1182 , 2215.05 
 1183 , 2205.86 
 1184 , 2197.29 
 1185 , 2193.34 
 1186 , 2193.16 
 1187 , 2194.66 
 1188 , 2195.81 
 1189 , 2194.99 
 1190 , 2193.32 
 1191 , 2192.98 
 1192 , 2195.78 
 1193 , 2203.07 
 1194 , 2213.54 
 1195 , 2224.24 
 1196 , 2233.09 
 1197 , 2238.63 
 1198 , 2239.2 
 1199 , 2233 
 1200 , 2222.24 
 1201 , 2213.82 
 1202 , 2210.4 
 1203 , 2208.05 
 1204 , 2204.37 
 1205 , 2200.69 
 1206 , 2197.45 
 1207 , 2192.17 
 1208 , 2183.66 
 1209 , 2175.5 
 1210 , 2171.41 
 1211 , 2172.7 
 1212 , 2179.54 
 1213 , 2189.49 
 1214 , 2199.88 
 1215 , 2210.8 
 1216 , 2222.81 
 1217 , 2233.4 
 1218 , 2239.14 
 1219 , 2239.73 
 1220 , 2236.58 
 1221 , 2231.58 
 1222 , 2226.84 
 1223 , 2222.95 
 1224 , 2219.42 
 1225 , 2217.23 
 1226 , 2218.61 
 1227 , 2223.41 
 1228 , 2228.75 
 1229 , 2232.31 
 1230 , 2232.62 
 1231 , 2230.15 
 1232 , 2228.28 
 1233 , 2228.48 
 1234 , 2228.14 
 1235 , 2226.57 
 1236 , 2228.28 
 1237 , 2235.15 
 1238 , 2239.83 
 1239 , 2236.58 
 1240 , 2230.03 
 1241 , 2225.22 
 1242 , 2220.15 
 1243 , 2212.91 
 1244 , 2210.16 
 1245 , 2218.93 
 1246 , 2233.39 
 1247 , 2244.12 
 1248 , 2249.56 
 1249 , 2251.19 
 1250 , 2247.96 
 1251 , 2237.93 
 1252 , 2223.35 
 1253 , 2208.93 
 1254 , 2198.15 
 1255 , 2193.52 
 1256 , 2195.13 
 1257 , 2201.05 
 1258 , 2208.79 
 1259 , 2215.41 
 1260 , 2220.01 
 1261 , 2223.88 
 1262 , 2227.33 
 1263 , 2229.2 
 1264 , 2229.2 
 1265 , 2228.38 
 1266 , 2227.84 
 1267 , 2228.54 
 1268 , 2230.2 
 1269 , 2230.19 
 1270 , 2228.01 
 1271 , 2228.87 
 1272 , 2234.78 
 1273 , 2237.2 
 1274 , 2229.83 
 1275 , 2218.78 
 1276 , 2211.85 
 1277 , 2214.25 
 1278 , 2228.41 
 1279 , 2247.6 
 1280 , 2263.64 
 1281 , 2273.17 
 1282 , 2274.72 
 1283 , 2269.26 
 1284 , 2259.08 
 1285 , 2249.25 
 1286 , 2245.93 
 1287 , 2255.17 
 1288 , 2281.03 
 1289 , 2310.68 
 1290 , 2324.49 
 1291 , 2323.92 
 1292 , 2322.1 
 1293 , 2321.7 
 1294 , 2318.6 
 1295 , 2312.7 
 1296 , 2306.87 
 1297 , 2302.63 
 1298 , 2300.21 
 1299 , 2297.91 
 1300 , 2292.53 
 1301 , 2285.73 
 1302 , 2284.16 
 1303 , 2289.24 
 1304 , 2296.17 
 1305 , 2302.52 
 1306 , 2309.33 
 1307 , 2315.11 
 1308 , 2314.55 
 1309 , 2305.92 
 1310 , 2293.64 
 1311 , 2282.79 
 1312 , 2278.59 
 1313 , 2284.37 
 1314 , 2299.78 
 1315 , 2322.12 
 1316 , 2344.58 
 1317 , 2360.58 
 1318 , 2365.45 
 1319 , 2358.66 
 1320 , 2349.84 
 1321 , 2346.78 
 1322 , 2347.43 
 1323 , 2349.12 
 1324 , 2352.96 
 1325 , 2359.78 
 1326 , 2367.01 
 1327 , 2371.67 
 1328 , 2372.33 
 1329 , 2369.29 
 1330 , 2368.67 
 1331 , 2375.32 
 1332 , 2381.19 
 1333 , 2379.4 
 1334 , 2387.13 
 1335 , 2422.02 
 1336 , 2463.18 
 1337 , 2482.26 
 1338 , 2483.7 
 1339 , 2480.93 
 1340 , 2467.76 
 1341 , 2433.86 
 1342 , 2394.34 
 1343 , 2372.55 
 1344 , 2371.07 
 1345 , 2382.81 
 1346 , 2399.66 
 1347 , 2413.61 
 1348 , 2421.73 
 1349 , 2424.04 
 1350 , 2422.93 
 1351 , 2421.92 
 1352 , 2423.02 
 1353 , 2427.14 
 1354 , 2433.09 
 1355 , 2438.23 
 1356 , 2438.5 
 1357 , 2429.53 
 1358 , 2414.4 
 1359 , 2400.97 
 1360 , 2390.65 
 1361 , 2380.4 
 1362 , 2371.57 
 1363 , 2368.97 
 1364 , 2376.82 
 1365 , 2398.18 
 1366 , 2426.17 
 1367 , 2446.17 
 1368 , 2456.99 
 1369 , 2468.88 
 1370 , 2480.64 
 1371 , 2480.86 
 1372 , 2472.41 
 1373 , 2471.57 
 1374 , 2479.2 
 1375 , 2480.77 
 1376 , 2472.98 
 1377 , 2464.62 
 1378 , 2459.74 
 1379 , 2456.8 
 1380 , 2454.68 
 1381 , 2453.13 
 1382 , 2452.91 
 1383 , 2455.79 
 1384 , 2460.38 
 1385 , 2461.65 
 1386 , 2458.99 
 1387 , 2457.11 
 1388 , 2456.82 
 1389 , 2453.99 
 1390 , 2448.65 
 1391 , 2446.33 
 1392 , 2448.83 
 1393 , 2452.85 
 1394 , 2456.78 
 1395 , 2461.61 
 1396 , 2466.01 
 1397 , 2465.56 
 1398 , 2460.68 
 1399 , 2458.34 
 1400 , 2460.95 
 1401 , 2464.16 
 1402 , 2465.59 
 1403 , 2466.14 
 1404 , 2466.53 
 1405 , 2466.91 
 1406 , 2467.02 
 1407 , 2466.16 
 1408 , 2465.39 
 1409 , 2468.26 
 1410 , 2476.56 
 1411 , 2489.44 
 1412 , 2504.38 
 1413 , 2517 
 1414 , 2528.05 
 1415 , 2545.19 
 1416 , 2564.18 
 1417 , 2564.35 
 1418 , 2543.17 
 1419 , 2524.1 
 1420 , 2517.01 
 1421 , 2511.24 
 1422 , 2502.77 
 1423 , 2498.33 
 1424 , 2500.89 
 1425 , 2507.4 
 1426 , 2509.41 
 1427 , 2492.78 
 1428 , 2473.71 
 1429 , 2506.04 
 1430 , 2590.99 
 1431 , 2662.1 
 1432 , 2695.39 
 1433 , 2723.2 
 1434 , 2745.09 
 1435 , 2718.44 
 1436 , 2641.57 
 1437 , 2562.88 
 1438 , 2508.47 
 1439 , 2475.61 
 1440 , 2458.84 
 1441 , 2451.56 
 1442 , 2450.39 
 1443 , 2455.37 
 1444 , 2462.83 
 1445 , 2465.23 
 1446 , 2459.63 
 1447 , 2447.93 
 1448 , 2433.31 
 1449 , 2419.79 
 1450 , 2406.01 
 1451 , 2386.05 
 1452 , 2363.23 
 1453 , 2349.02 
 1454 , 2348.59 
 1455 , 2361.16 
 1456 , 2381.63 
 1457 , 2401.9 
 1458 , 2419.51 
 1459 , 2435.94 
 1460 , 2443.41 
 1461 , 2428.65 
 1462 , 2400.09 
 1463 , 2380.25 
 1464 , 2370.54 
 1465 , 2359.02 
 1466 , 2348.18 
 1467 , 2348.81 
 1468 , 2358.48 
 1469 , 2367.13 
 1470 , 2370.59 
 1471 , 2368.37 
 1472 , 2361.72 
 1473 , 2352.87 
 1474 , 2344.51 
 1475 , 2339.05 
 1476 , 2335.01 
 1477 , 2329.4 
 1478 , 2321.89 
 1479 , 2313.19 
 1480 , 2303.45 
 1481 , 2293.48 
 1482 , 2289.57 
 1483 , 2297.65 
 1484 , 2309.5 
 1485 , 2314.41 
 1486 , 2315.13 
 1487 , 2317.18 
 1488 , 2317.99 
 1489 , 2314.41 
 1490 , 2311.78 
 1491 , 2314.84 
 1492 , 2316.18 
 1493 , 2308.77 
 1494 , 2298.56 
 1495 , 2292.88 
 1496 , 2293.53 
 1497 , 2300.07 
 1498 , 2308.83 
 1499 , 2315.95 
 1500 , 2318.92 
 1501 , 2315.85 
 1502 , 2305.91 
 1503 , 2290.23 
 1504 , 2274.12 
 1505 , 2262.18 
 1506 , 2256.18 
 1507 , 2257.31 
 1508 , 2266.36 
 1509 , 2282.3 
 1510 , 2301.14 
 1511 , 2318.78 
 1512 , 2331.57 
 1513 , 2337.52 
 1514 , 2337.02 
 1515 , 2330.89 
 1516 , 2320.37 
 1517 , 2308.27 
 1518 , 2298.94 
 1519 , 2292.54 
 1520 , 2284.85 
 1521 , 2275.02 
 1522 , 2265.4 
 1523 , 2256.45 
 1524 , 2247.22 
 1525 , 2241.1 
 1526 , 2244.04 
 1527 , 2252.25 
 1528 , 2256.33 
 1529 , 2257.8 
 1530 , 2263.78 
 1531 , 2272.2 
 1532 , 2277.37 
 1533 , 2284.14 
 1534 , 2300.03 
 1535 , 2316.51 
 1536 , 2321.29 
 1537 , 2319.63 
 1538 , 2320.27 
 1539 , 2317.35 
 1540 , 2302.86 
 1541 , 2279.75 
 1542 , 2255.16 
 1543 , 2240.62 
 1544 , 2243.8 
 1545 , 2256.08 
 1546 , 2268.69 
 1547 , 2282.03 
 1548 , 2295.22 
 1549 , 2300.38 
 1550 , 2294.33 
 1551 , 2286.16 
 1552 , 2284.85 
 1553 , 2296.1 
 1554 , 2316.5 
 1555 , 2328.82 
 1556 , 2326.62 
 1557 , 2320.06 
 1558 , 2313.52 
 1559 , 2303.27 
 1560 , 2291.99 
 1561 , 2289.17 
 1562 , 2295.09 
 1563 , 2301.7 
 1564 , 2304.66 
 1565 , 2302.79 
 1566 , 2294.85 
 1567 , 2280.05 
 1568 , 2262.57 
 1569 , 2248.91 
 1570 , 2240.44 
 1571 , 2236.4 
 1572 , 2238.56 
 1573 , 2249.69 
 1574 , 2271.87 
 1575 , 2304.14 
 1576 , 2332.21 
 1577 , 2343.24 
 1578 , 2345.27 
 1579 , 2347.23 
 1580 , 2344.11 
 1581 , 2333.11 
 1582 , 2325.12 
 1583 , 2325.45 
 1584 , 2321.44 
 1585 , 2308.26 
 1586 , 2300.52 
 1587 , 2302.92 
 1588 , 2301.06 
 1589 , 2290.5 
 1590 , 2282.24 
 1591 , 2277.45 
 1592 , 2265.66 
 1593 , 2250.77 
 1594 , 2249.81 
 1595 , 2261.48 
 1596 , 2270.5 
 1597 , 2274.33 
 1598 , 2278.36 
 1599 , 2281.08 
 1600 , 2278.38 
 1601 , 2276.15 
 1602 , 2282.41 
 1603 , 2290.03 
 1604 , 2289.12 
 1605 , 2283.87 
 1606 , 2280.42 
 1607 , 2275.68 
 1608 , 2267.31 
 1609 , 2262.36 
 1610 , 2265.05 
 1611 , 2267.51 
 1612 , 2263.82 
 1613 , 2256 
 1614 , 2246.9 
 1615 , 2238.94 
 1616 , 2234.46 
 1617 , 2235.59 
 1618 , 2242.44 
 1619 , 2252.68 
 1620 , 2261.55 
 1621 , 2262.73 
 1622 , 2258.6 
 1623 , 2257.31 
 1624 , 2257.22 
 1625 , 2251.32 
 1626 , 2239.4 
 1627 , 2224.1 
 1628 , 2204.46 
 1629 , 2179.23 
 1630 , 2152.88 
 1631 , 2131.41 
 1632 , 2119.5 
 1633 , 2119.06 
 1634 , 2124.38 
 1635 , 2130.57 
 1636 , 2138.5 
 1637 , 2148.91 
 1638 , 2160.52 
 1639 , 2172.05 
 1640 , 2182.57 
 1641 , 2190.9 
 1642 , 2195.41 
 1643 , 2191.77 
 1644 , 2173.85 
 1645 , 2148.88 
 1646 , 2133.58 
 1647 , 2129.63 
 1648 , 2129.94 
 1649 , 2136.45 
 1650 , 2153.04 
 1651 , 2166.52 
 1652 , 2161.63 
 1653 , 2146.06 
 1654 , 2131.92 
 1655 , 2121.72 
 1656 , 2116.62 
 1657 , 2120.42 
 1658 , 2133.05 
 1659 , 2144.87 
 1660 , 2146.82 
 1661 , 2133.32 
 1662 , 2108.56 
 1663 , 2089.26 
 1664 , 2084.43 
 1665 , 2093.59 
 1666 , 2110.25 
 1667 , 2124.07 
 1668 , 2133.85 
 1669 , 2143.58 
 1670 , 2149.94 
 1671 , 2148.49 
 1672 , 2151.49 
 1673 , 2171.09 
 1674 , 2188.5 
 1675 , 2183.89 
 1676 , 2165.42 
 1677 , 2144.63 
 1678 , 2125.47 
 1679 , 2108.78 
 1680 , 2091.79 
 1681 , 2076.53 
 1682 , 2072.88 
 1683 , 2083.03 
 1684 , 2099.16 
 1685 , 2113.81 
 1686 , 2120.74 
 1687 , 2118.25 
 1688 , 2107.92 
 1689 , 2091.91 
 1690 , 2072.99 
 1691 , 2055.84 
 1692 , 2045.73 
 1693 , 2047.11 
 1694 , 2059.83 
 1695 , 2068.37 
 1696 , 2064.1 
 1697 , 2065 
 1698 , 2079.96 
 1699 , 2092.02 
 1700 , 2094.36 
 1701 , 2098.88 
 1702 , 2106.46 
 1703 , 2104.75 
 1704 , 2093.48 
 1705 , 2082.34 
 1706 , 2072.09 
 1707 , 2058.4 
 1708 , 2043.03 
 1709 , 2029.15 
 1710 , 2011.85 
 1711 , 1987.98 
 1712 , 1972.87 
 1713 , 1974.48 
 1714 , 1966.35 
 1715 , 1954.43 
 1716 , 2025.15 
 1717 , 2189.74 
 1718 , 2328.32 
 1719 , 2391.56 
 1720 , 2422.58 
 1721 , 2411.58 
 1722 , 2306.71 
 1723 , 2153.16 
 1724 , 2049.38 
 1725 , 2009.95 
 1726 , 2008.75 
 1727 , 2018.21 
 1728 , 2017.2 
 1729 , 2011.47 
 1730 , 2010.04 
 1731 , 2012.91 
 1732 , 2017.36 
 1733 , 2018.31 
 1734 , 2012.73 
 1735 , 2001.18 
 1736 , 1987.38 
 1737 , 1977.57 
 1738 , 1968.32 
 1739 , 1950.19 
 1740 , 1928.75 
 1741 , 1916.04 
 1742 , 1909.93 
 1743 , 1904.88 
 1744 , 1906.61 
 1745 , 1922.74 
 1746 , 1956.68 
 1747 , 2005.05 
 1748 , 2051.01 
 1749 , 2085.05 
 1750 , 2112.15 
 1751 , 2125.86 
 1752 , 2106.48 
 1753 , 2062.36 
 1754 , 2024.2 
 1755 , 2002.4 
 1756 , 1994.51 
 1757 , 1997.12 
 1758 , 2006.35 
 1759 , 2017.69 
 1760 , 2026.58 
 1761 , 2028.89 
 1762 , 2020.97 
 1763 , 2000.2 
 1764 , 1970.48 
 1765 , 1945.7 
 1766 , 1932.27 
 1767 , 1927.25 
 1768 , 1931.76 
 1769 , 1949.42 
 1770 , 1971.58 
 1771 , 1984.49 
 1772 , 1986.76 
 1773 , 1982.41 
 1774 , 1977.22 
 1775 , 1974.49 
 1776 , 1968.71 
 1777 , 1958.11 
 1778 , 1951.61 
 1779 , 1954.18 
 1780 , 1963.31 
 1781 , 1974.42 
 1782 , 1981.49 
 1783 , 1978.35 
 1784 , 1960.91 
 1785 , 1942.35 
 1786 , 1940.33 
 1787 , 1951.43 
 1788 , 1967.48 
 1789 , 1988.43 
 1790 , 2008.84 
 1791 , 2006.51 
 1792 , 1977.03 
 1793 , 1948.55 
 1794 , 1931.99 
 1795 , 1916.11 
 1796 , 1900.35 
 1797 , 1893.03 
 1798 , 1897.84 
 1799 , 1914.76 
 1800 , 1937.08 
 1801 , 1957.63 
 1802 , 1976.81 
 1803 , 1992.39 
 1804 , 1990.88 
 1805 , 1966.51 
 1806 , 1930.16 
 1807 , 1896.93 
 1808 , 1883.65 
 1809 , 1886.67 
 1810 , 1888.05 
 1811 , 1893.8 
 1812 , 1917.48 
 1813 , 1936.75 
 1814 , 1927.78 
 1815 , 1912.63 
 1816 , 1912.06 
 1817 , 1915.79 
 1818 , 1918.89 
 1819 , 1933.08 
 1820 , 1959.34 
 1821 , 1984.93 
 1822 , 2000.48 
 1823 , 2001.45 
 1824 , 1997.11 
 1825 , 1999.76 
 1826 , 1999.23 
 1827 , 1983.75 
 1828 , 1962.68 
 1829 , 1942.89 
 1830 , 1915.44 
 1831 , 1885.2 
 1832 , 1879.96 
 1833 , 1901.3 
 1834 , 1924.25 
 1835 , 1944.78 
 1836 , 1970.7 
 1837 , 1987.9 
 1838 , 1980.18 
 1839 , 1966.99 
 1840 , 1965.86 
 1841 , 1959.74 
 1842 , 1938.66 
 1843 , 1917.23 
 1844 , 1904.76 
 1845 , 1900.6 
 1846 , 1901.54 
 1847 , 1903.58 
 1848 , 1910.72 
 1849 , 1928.6 
 1850 , 1948.17 
 1851 , 1957.43 
 1852 , 1951.94 
 1853 , 1936.42 
 1854 , 1931.78 
 1855 , 1942.49 
 1856 , 1947.61 
 1857 , 1949 
 1858 , 1968.54 
 1859 , 1993.41 
 1860 , 1995.53 
 1861 , 1988.65 
 1862 , 1996.09 
 1863 , 2013.94 
 1864 , 2029.41 
 1865 , 2024.79 
 1866 , 1997.99 
 1867 , 1971.63 
 1868 , 1950.12 
 1869 , 1920.68 
 1870 , 1910.26 
 1871 , 1960.32 
 1872 , 2029.87 
 1873 , 2059.45 
 1874 , 2056.73 
 1875 , 2039.56 
 1876 , 2007.95 
 1877 , 1967.83 
 1878 , 1938.41 
 1879 , 1925.78 
 1880 , 1921.16 
 1881 , 1913.06 
 1882 , 1891.74 
 1883 , 1868.83 
 1884 , 1860.17 
 1885 , 1862.65 
 1886 , 1869.62 
 1887 , 1877.63 
 1888 , 1887.05 
 1889 , 1902.93 
 1890 , 1921.67 
 1891 , 1931.91 
 1892 , 1935.38 
 1893 , 1939.44 
 1894 , 1933.64 
 1895 , 1909.24 
 1896 , 1889.84 
 1897 , 1890.13 
 1898 , 1888.15 
 1899 , 1875.99 
 1900 , 1871.6 
 1901 , 1878.25 
 1902 , 1885.2 
 1903 , 1888.89 
 1904 , 1889.24 
 1905 , 1882.26 
 1906 , 1864.18 
 1907 , 1836.44 
 1908 , 1805.38 
 1909 , 1784.55 
 1910 , 1779.01 
 1911 , 1782.72 
 1912 , 1791.81 
 1913 , 1804.91 
 1914 , 1823.57 
 1915 , 1848.54 
 1916 , 1871.05 
 1917 , 1886.52 
 1918 , 1908.09 
 1919 , 1936.09 
 1920 , 1947.11 
 1921 , 1936.82 
 1922 , 1921.2 
 1923 , 1911.4 
 1924 , 1912.5 
 1925 , 1913.75 
 1926 , 1905.46 
 1927 , 1900.95 
 1928 , 1908.12 
 1929 , 1914.35 
 1930 , 1910.05 
 1931 , 1892.93 
 1932 , 1869.17 
 1933 , 1849.62 
 1934 , 1834.93 
 1935 , 1825.31 
 1936 , 1839.17 
 1937 , 1884.64 
 1938 , 1933.15 
 1939 , 1962.39 
 1940 , 1967.34 
 1941 , 1947.48 
 1942 , 1906.73 
 1943 , 1864.22 
 1944 , 1841.16 
 1945 , 1827.96 
 1946 , 1815.53 
 1947 , 1823.74 
 1948 , 1858.41 
 1949 , 1893.8 
 1950 , 1919.15 
 1951 , 1939.98 
 1952 , 1940.02 
 1953 , 1897.65 
 1954 , 1840.27 
 1955 , 1801.51 
 1956 , 1777.49 
 1957 , 1764.68 
 1958 , 1773.97 
 1959 , 1802.26 
 1960 , 1830.15 
 1961 , 1852.37 
 1962 , 1873.03 
 1963 , 1892.93 
 1964 , 1907.34 
 1965 , 1897.43 
 1966 , 1859.45 
 1967 , 1825.2 
 1968 , 1809.34 
 1969 , 1802.08 
 1970 , 1803.55 
 1971 , 1819.23 
 1972 , 1837.36 
 1973 , 1843.15 
 1974 , 1836.5 
 1975 , 1823.59 
 1976 , 1816.34 
 1977 , 1813.89 
 1978 , 1800.98 
 1979 , 1783.48 
 1980 , 1779.11 
 1981 , 1781.66 
 1982 , 1779.59 
 1983 , 1777.42 
 1984 , 1780.32 
 1985 , 1787.42 
 1986 , 1792.79 
 1987 , 1786.65 
 1988 , 1774.64 
 1989 , 1768.59 
 1990 , 1752.07 
 1991 , 1712.59 
 1992 , 1687.74 
 1993 , 1699.36 
 1994 , 1720.54 
 1995 , 1743.93 
 1996 , 1786.21 
 1997 , 1828.15 
 1998 , 1834.94 
 1999 , 1818.18 
 2000 , 1805.15 
 2001 , 1819.76 
 2002 , 1851.61 
 2003 , 1836.21 
 2004 , 1774.73 
 2005 , 1731.13 
 2006 , 1704.21 
 2007 , 1669.09 
 2008 , 1672.85 
 2009 , 1745.06 
 2010 , 1809.84 
 2011 , 1817.19 
 2012 , 1781.71 
 2013 , 1725.89 
 2014 , 1673.75 
 2015 , 1643.05 
 2016 , 1644.25 
 2017 , 1670.3 
 2018 , 1707.3 
 2019 , 1736.79 
 2020 , 1757.01 
 2021 , 1785.31 
 2022 , 1807.5 
 2023 , 1795.08 
 2024 , 1776.32 
 2025 , 1782.47 
 2026 , 1780.9 
 2027 , 1757.79 
 2028 , 1754.86 
 2029 , 1777.74 
 2030 , 1792.88 
 2031 , 1796.45 
 2032 , 1799.02 
 2033 , 1794.59 
 2034 , 1777.83 
 2035 , 1758.05 
 2036 , 1736.42 
 2037 , 1701.4 
 2038 , 1669.59 
 2039 , 1672.43 
 2040 , 1683.75 
 2041 , 1668.42 
 2042 , 1649.26 
 2043 , 1641.97 
 2044 , 1624.83 
 2045 , 1598.11 
 2046 , 1588.34 
 2047 , 1608.26 
 2048 , 1654.55 
 2049 , 1687.99 
 2050 , 1680.45 
 2051 , 1660.57 
 2052 , 1647.49 
 2053 , 1635.66 
 2054 , 1632.15 
 2055 , 1650.9 
 2056 , 1676.68 
 2057 , 1683.91 
 2058 , 1653.7 
 2059 , 1593.55 
 2060 , 1553.86 
 2061 , 1549.97 
 2062 , 1560.06 
 2063 , 1575.67 
 2064 , 1593.38 
 2065 , 1596.99 
 2066 , 1572.46 
 2067 , 1519.44 
 2068 , 1463.58 
 2069 , 1454.39 
 2070 , 1477.04 
 2071 , 1485.06 
 2072 , 1500.26 
 2073 , 1542.13 
 2074 , 1556.8 
 2075 , 1525.94 
 2076 , 1500.09 
 2077 , 1492.71 
 2078 , 1487.2 
 2079 , 1495.95 
 2080 , 1533.74 
 2081 , 1579.98 
 2082 , 1609.75 
 2083 , 1605.31 
 2084 , 1579.96 
 2085 , 1570.27 
 2086 , 1567.64 
 2087 , 1551.14 
 2088 , 1544.79 
 2089 , 1561.43 
 2090 , 1568.67 
 2091 , 1557.96 
 2092 , 1550.77 
 2093 , 1549.79 
 2094 , 1545.89 
 2095 , 1529.81 
 2096 , 1502.79 
 2097 , 1489.76 
 2098 , 1491.9 
 2099 , 1480.48 
 2100 , 1464.36 
 2101 , 1470.85 
 2102 , 1488.39 
 2103 , 1505.21 
 2104 , 1542.04 
 2105 , 1594.19 
 2106 , 1619.02 
 2107 , 1616.54 
 2108 , 1613.38 
 2109 , 1602.83 
 2110 , 1578.49 
 2111 , 1569.35 
 2112 , 1593.07 
 2113 , 1640.7 
 2114 , 1685.65 
 2115 , 1696.45 
 2116 , 1686.59 
 2117 , 1676.02 
 2118 , 1651.94 
 2119 , 1615.34 
 2120 , 1595.33 
 2121 , 1592.75 
 2122 , 1586.62 
 2123 , 1571.41 
 2124 , 1554.23 
 2125 , 1560.92 
 2126 , 1597.09 
 2127 , 1632.56 
 2128 , 1653.66 
 2129 , 1663.44 
 2130 , 1671.71 
 2131 , 1687.07 
 2132 , 1706.01 
 2133 , 1723.05 
 2134 , 1732.63 
 2135 , 1717.74 
 2136 , 1658.69 
 2137 , 1578.96 
 2138 , 1514.77 
 2139 , 1487.56 
 2140 , 1502.45 
 2141 , 1543.97 
 2142 , 1593.84 
 2143 , 1633.82 
 2144 , 1651.26 
 2145 , 1640.11 
 2146 , 1607.47 
 2147 , 1569.21 
 2148 , 1548.5 
 2149 , 1542.83 
 2150 , 1534.42 
 2151 , 1529.23 
 2152 , 1533.92 
 2153 , 1533.33 
 2154 , 1518.75 
 2155 , 1495.16 
 2156 , 1467.92 
 2157 , 1442.92 
 2158 , 1430.24 
 2159 , 1439.51 
 2160 , 1475.56 
 2161 , 1536.08 
 2162 , 1609.08 
 2163 , 1662.58 
 2164 , 1664.1 
 2165 , 1636.29 
 2166 , 1609.22 
 2167 , 1593.01 
 2168 , 1593.38 
 2169 , 1612.89 
 2170 , 1642.01 
 2171 , 1664.22 
 2172 , 1661.29 
 2173 , 1625.9 
 2174 , 1573.27 
 2175 , 1535.97 
 2176 , 1551.69 
 2177 , 1588.97 
 2178 , 1604.35 
 2179 , 1625 
 2180 , 1646.64 
 2181 , 1596.82 
 2182 , 1526.16 
 2183 , 1561.1 
 2184 , 1643.25 
 2185 , 1682.13 
 2186 , 1703.33 
 2187 , 1715.71 
 2188 , 1681.59 
 2189 , 1610.56 
 2190 , 1547.71 
 2191 , 1545.19 
 2192 , 1612.38 
 2193 , 1658.2 
 2194 , 1653 
 2195 , 1645.64 
 2196 , 1631.74 
 2197 , 1590.79 
 2198 , 1562.72 
 2199 , 1570.31 
 2200 , 1578.14 
 2201 , 1567.05 
 2202 , 1538.66 
 2203 , 1499.82 
 2204 , 1458.9 
 2205 , 1423.09 
 2206 , 1393.81 
 2207 , 1364.76 
 2208 , 1331.63 
 2209 , 1297.69 
 2210 , 1296.17 
 2211 , 1343.43 
 2212 , 1395.36 
 2213 , 1424.56 
 2214 , 1431.49 
 2215 , 1418.04 
 2216 , 1387.81 
 2217 , 1351.09 
 2218 , 1327.96 
 2219 , 1350.6 
 2220 , 1418.19 
 2221 , 1501.24 
 2222 , 1568.63 
 2223 , 1597.27 
 2224 , 1587.25 
 2225 , 1549.03 
 2226 , 1500.88 
 2227 , 1457.04 
 2228 , 1426.97 
 2229 , 1410.31 
 2230 , 1405.78 
 2231 , 1415.33 
 2232 , 1434.19 
 2233 , 1453.18 
 2234 , 1477.62 
 2235 , 1507.79 
 2236 , 1511.03 
 2237 , 1487.48 
 2238 , 1484.27 
 2239 , 1479.29 
 2240 , 1430.32 
 2241 , 1421.18 
 2242 , 1492.72 
 2243 , 1528.64 
 2244 , 1505.2 
 2245 , 1492.71 
 2246 , 1473.65 
 2247 , 1419.2 
 2248 , 1388.89 
 2249 , 1407.35 
 2250 , 1430.04 
 2251 , 1434.21 
 2252 , 1419.9 
 2253 , 1412.36 
 2254 , 1436.44 
 2255 , 1499.89 
 2256 , 1569.33 
 2257 , 1589.62 
 2258 , 1605.38 
 2259 , 1666.19 
 2260 , 1713.93 
 2261 , 1724.33 
 2262 , 1736.64 
 2263 , 1732.5 
 2264 , 1673.25 
 2265 , 1592.14 
 2266 , 1523.92 
 2267 , 1471.5 
 2268 , 1443.98 
 2269 , 1454.79 
 2270 , 1493.84 
 2271 , 1533.43 
 2272 , 1525.07 
 2273 , 1459.25 
 2274 , 1373.34 
 2275 , 1290.44 
 2276 , 1232.47 
 2277 , 1247.14 
 2278 , 1326.86 
 2279 , 1376.71 
 2280 , 1390.89 
 2281 , 1418.03 
 2282 , 1436.16 
 2283 , 1423.52 
 2284 , 1403.65 
 2285 , 1374.29 
 2286 , 1312.08 
 2287 , 1253.25 
 2288 , 1239.24 
 2289 , 1253.65 
 2290 , 1280.47 
 2291 , 1314.88 
 2292 , 1334.13 
 2293 , 1323.77 
 2294 , 1339.84 
 2295 , 1396.83 
 2296 , 1419.57 
 2297 , 1388.87 
 2298 , 1327.76 
 2299 , 1235.35 
 2300 , 1129.17 
 2301 , 1078.46 
 2302 , 1093.35 
 2303 , 1129.44 
 2304 , 1188.59 
 2305 , 1271.25 
 2306 , 1322.23 
 2307 , 1337.84 
 2308 , 1375.8 
 2309 , 1403.66 
 2310 , 1375.66 
 2311 , 1369.42 
 2312 , 1409.47 
 2313 , 1410.35 
 2314 , 1371.22 
 2315 , 1338.86 
 2316 , 1297.87 
 2317 , 1238.64 
 2318 , 1193.41 
 2319 , 1189.07 
 2320 , 1234.41 
 2321 , 1281.44 
 2322 , 1295.15 
 2323 , 1312.44 
 2324 , 1342.87 
 2325 , 1361.76 
 2326 , 1360.59 
 2327 , 1341.65 
 2328 , 1315.87 
 2329 , 1292.22 
 2330 , 1276.84 
 2331 , 1285.09 
 2332 , 1330.95 
 2333 , 1407.11 
 2334 , 1477.71 
 2335 , 1481.78 
 2336 , 1442.35 
 2337 , 1414.3 
 2338 , 1371.13 
 2339 , 1309.31 
