03-12-2024,13:42:58
Wavenumber(cm-1),Intensity
 250 , 3436.65 
 251 , 3436.65 
 252 , 3413.35 
 253 , 3387.81 
 254 , 3363 
 255 , 3340.31 
 256 , 3317.71 
 257 , 3293.33 
 258 , 3270.9 
 259 , 3256.99 
 260 , 3253.5 
 261 , 3254.3 
 262 , 3253.41 
 263 , 3250.81 
 264 , 3248.76 
 265 , 3246.71 
 266 , 3240.31 
 267 , 3226.03 
 268 , 3205.69 
 269 , 3182.72 
 270 , 3160.85 
 271 , 3144.06 
 272 , 3135.13 
 273 , 3132.69 
 274 , 3134.47 
 275 , 3138.4 
 276 , 3142.53 
 277 , 3145.02 
 278 , 3144.37 
 279 , 3139.24 
 280 , 3129.82 
 281 , 3117.17 
 282 , 3103.35 
 283 , 3092.19 
 284 , 3087.14 
 285 , 3087.28 
 286 , 3089.84 
 287 , 3092.49 
 288 , 3093.55 
 289 , 3091.86 
 290 , 3088.45 
 291 , 3085.01 
 292 , 3081.54 
 293 , 3076.3 
 294 , 3068.42 
 295 , 3060.18 
 296 , 3054.31 
 297 , 3050.41 
 298 , 3045.77 
 299 , 3038.86 
 300 , 3031.03 
 301 , 3024.05 
 302 , 3019.39 
 303 , 3018.35 
 304 , 3021.38 
 305 , 3027.36 
 306 , 3035.1 
 307 , 3043.79 
 308 , 3052.73 
 309 , 3059.76 
 310 , 3060.97 
 311 , 3054.04 
 312 , 3043.45 
 313 , 3035.18 
 314 , 3030.92 
 315 , 3028.83 
 316 , 3027.69 
 317 , 3028.31 
 318 , 3031.68 
 319 , 3037.04 
 320 , 3042.59 
 321 , 3047.49 
 322 , 3052.61 
 323 , 3058.76 
 324 , 3065.25 
 325 , 3070.73 
 326 , 3073.63 
 327 , 3071.98 
 328 , 3064.62 
 329 , 3053.72 
 330 , 3042.19 
 331 , 3032.01 
 332 , 3024.34 
 333 , 3019.98 
 334 , 3018.67 
 335 , 3020 
 336 , 3023.2 
 337 , 3027.29 
 338 , 3031.03 
 339 , 3032.73 
 340 , 3031.28 
 341 , 3029.36 
 342 , 3030.88 
 343 , 3035.31 
 344 , 3037.22 
 345 , 3033.21 
 346 , 3028.17 
 347 , 3028.23 
 348 , 3031.77 
 349 , 3031.56 
 350 , 3024.83 
 351 , 3018.77 
 352 , 3020.55 
 353 , 3026.81 
 354 , 3029.47 
 355 , 3026.43 
 356 , 3023.93 
 357 , 3026.77 
 358 , 3030.67 
 359 , 3029.12 
 360 , 3021.98 
 361 , 3014.76 
 362 , 3010.71 
 363 , 3006.68 
 364 , 2999.16 
 365 , 2991.36 
 366 , 2990.09 
 367 , 2997.48 
 368 , 3007.85 
 369 , 3015.77 
 370 , 3021.25 
 371 , 3025.99 
 372 , 3028.68 
 373 , 3025.02 
 374 , 3013.14 
 375 , 2999.32 
 376 , 2990.77 
 377 , 2988 
 378 , 2987.42 
 379 , 2987.29 
 380 , 2989.48 
 381 , 2995.48 
 382 , 3002.6 
 383 , 3006.72 
 384 , 3008.57 
 385 , 3014.1 
 386 , 3026.97 
 387 , 3042.43 
 388 , 3054.38 
 389 , 3061.68 
 390 , 3066.46 
 391 , 3069.41 
 392 , 3068.43 
 393 , 3061.87 
 394 , 3052.36 
 395 , 3044.09 
 396 , 3038.91 
 397 , 3036.18 
 398 , 3035.48 
 399 , 3037.72 
 400 , 3043.87 
 401 , 3052.46 
 402 , 3060.51 
 403 , 3066.56 
 404 , 3071.96 
 405 , 3077.89 
 406 , 3082.98 
 407 , 3085 
 408 , 3083.54 
 409 , 3080.05 
 410 , 3075.56 
 411 , 3069.5 
 412 , 3061.14 
 413 , 3051.16 
 414 , 3041.02 
 415 , 3031.96 
 416 , 3025.01 
 417 , 3020.96 
 418 , 3019.72 
 419 , 3020.88 
 420 , 3023.69 
 421 , 3027.11 
 422 , 3030.27 
 423 , 3032.76 
 424 , 3034.36 
 425 , 3035.93 
 426 , 3038.84 
 427 , 3043.36 
 428 , 3048.18 
 429 , 3051.9 
 430 , 3053 
 431 , 3050.12 
 432 , 3043.91 
 433 , 3036.58 
 434 , 3029.71 
 435 , 3023.41 
 436 , 3017.92 
 437 , 3015.47 
 438 , 3018.95 
 439 , 3027.73 
 440 , 3037.16 
 441 , 3044.11 
 442 , 3050.71 
 443 , 3059.7 
 444 , 3068.6 
 445 , 3071.95 
 446 , 3068.97 
 447 , 3066.38 
 448 , 3069.65 
 449 , 3074.97 
 450 , 3076.2 
 451 , 3074.48 
 452 , 3077.05 
 453 , 3086.43 
 454 , 3094 
 455 , 3091.25 
 456 , 3081.22 
 457 , 3071.66 
 458 , 3064.82 
 459 , 3056.63 
 460 , 3044.78 
 461 , 3033.82 
 462 , 3028.94 
 463 , 3028.2 
 464 , 3025.46 
 465 , 3018.62 
 466 , 3011.89 
 467 , 3008.74 
 468 , 3006.88 
 469 , 3002.6 
 470 , 2995.41 
 471 , 2987.43 
 472 , 2980.05 
 473 , 2973.07 
 474 , 2966.42 
 475 , 2962.1 
 476 , 2962.84 
 477 , 2969.04 
 478 , 2978.67 
 479 , 2989.85 
 480 , 3001.31 
 481 , 3011.9 
 482 , 3020.54 
 483 , 3026.21 
 484 , 3028.19 
 485 , 3026.14 
 486 , 3020.16 
 487 , 3011.73 
 488 , 3002.51 
 489 , 2992.43 
 490 , 2980.34 
 491 , 2967.03 
 492 , 2956.46 
 493 , 2951.93 
 494 , 2952.45 
 495 , 2955.79 
 496 , 2959.44 
 497 , 2960.68 
 498 , 2958.67 
 499 , 2956.26 
 500 , 2955.95 
 501 , 2955.7 
 502 , 2952.07 
 503 , 2945.86 
 504 , 2941.74 
 505 , 2941.71 
 506 , 2941 
 507 , 2935.01 
 508 , 2927.24 
 509 , 2924.36 
 510 , 2927.53 
 511 , 2931.99 
 512 , 2934.26 
 513 , 2935.47 
 514 , 2937.06 
 515 , 2936.93 
 516 , 2931.32 
 517 , 2920.08 
 518 , 2907.52 
 519 , 2897.61 
 520 , 2892.24 
 521 , 2892.46 
 522 , 2895.66 
 523 , 2897.22 
 524 , 2896.04 
 525 , 2895.95 
 526 , 2899.29 
 527 , 2901.96 
 528 , 2898.94 
 529 , 2891.63 
 530 , 2885.24 
 531 , 2881.57 
 532 , 2877.27 
 533 , 2869.96 
 534 , 2862.89 
 535 , 2860.45 
 536 , 2863.4 
 537 , 2870.16 
 538 , 2879.21 
 539 , 2889.18 
 540 , 2898.69 
 541 , 2906.2 
 542 , 2910.18 
 543 , 2909.61 
 544 , 2903.86 
 545 , 2893.91 
 546 , 2883.32 
 547 , 2875.15 
 548 , 2868.9 
 549 , 2863.28 
 550 , 2859.75 
 551 , 2861.66 
 552 , 2869.29 
 553 , 2877.58 
 554 , 2881.83 
 555 , 2881.61 
 556 , 2877.68 
 557 , 2870.69 
 558 , 2861.23 
 559 , 2850.25 
 560 , 2839.27 
 561 , 2829.75 
 562 , 2822.7 
 563 , 2818.89 
 564 , 2817.51 
 565 , 2816.67 
 566 , 2815.56 
 567 , 2815.3 
 568 , 2817.11 
 569 , 2821.8 
 570 , 2829.89 
 571 , 2839.73 
 572 , 2848.17 
 573 , 2853.36 
 574 , 2855.61 
 575 , 2854.64 
 576 , 2847.24 
 577 , 2829.98 
 578 , 2806.14 
 579 , 2783.23 
 580 , 2764.64 
 581 , 2747.4 
 582 , 2729.49 
 583 , 2714.32 
 584 , 2706.03 
 585 , 2703.95 
 586 , 2704.58 
 587 , 2707.29 
 588 , 2715.42 
 589 , 2730.88 
 590 , 2749.56 
 591 , 2766.43 
 592 , 2779.81 
 593 , 2789.88 
 594 , 2796.81 
 595 , 2800.82 
 596 , 2801.83 
 597 , 2798.92 
 598 , 2791.37 
 599 , 2781.28 
 600 , 2771.99 
 601 , 2764.95 
 602 , 2759.47 
 603 , 2755.67 
 604 , 2755.93 
 605 , 2762.49 
 606 , 2773.89 
 607 , 2787.24 
 608 , 2800.02 
 609 , 2810.07 
 610 , 2816.67 
 611 , 2822.11 
 612 , 2828.29 
 613 , 2832.76 
 614 , 2831.93 
 615 , 2826.51 
 616 , 2820.58 
 617 , 2816.38 
 618 , 2812.67 
 619 , 2808.57 
 620 , 2806.21 
 621 , 2808.15 
 622 , 2811.97 
 623 , 2812.21 
 624 , 2807.77 
 625 , 2803.92 
 626 , 2804.59 
 627 , 2807.42 
 628 , 2809.26 
 629 , 2811.25 
 630 , 2816.59 
 631 , 2824.71 
 632 , 2830.66 
 633 , 2831.53 
 634 , 2830.3 
 635 , 2830.22 
 636 , 2830.38 
 637 , 2828.31 
 638 , 2823.9 
 639 , 2819.08 
 640 , 2815.15 
 641 , 2811.98 
 642 , 2810.24 
 643 , 2815.27 
 644 , 2833.19 
 645 , 2862.88 
 646 , 2898.25 
 647 , 2931.04 
 648 , 2949.88 
 649 , 2946.61 
 650 , 2924.74 
 651 , 2890.3 
 652 , 2849.22 
 653 , 2807.43 
 654 , 2771.95 
 655 , 2751.05 
 656 , 2748.55 
 657 , 2757.28 
 658 , 2768.99 
 659 , 2778.49 
 660 , 2781.91 
 661 , 2779.05 
 662 , 2772.61 
 663 , 2764.49 
 664 , 2755.11 
 665 , 2745.28 
 666 , 2738.01 
 667 , 2736.47 
 668 , 2739.62 
 669 , 2744.18 
 670 , 2748.42 
 671 , 2752.56 
 672 , 2756.42 
 673 , 2758.54 
 674 , 2757.72 
 675 , 2755.57 
 676 , 2754.64 
 677 , 2754.47 
 678 , 2752.11 
 679 , 2746.08 
 680 , 2737.53 
 681 , 2727.7 
 682 , 2717.29 
 683 , 2706.87 
 684 , 2697.38 
 685 , 2690.01 
 686 , 2686.71 
 687 , 2690.28 
 688 , 2701.6 
 689 , 2716.43 
 690 , 2730.35 
 691 , 2742.44 
 692 , 2752.83 
 693 , 2759.37 
 694 , 2758.18 
 695 , 2748.93 
 696 , 2737.07 
 697 , 2727.13 
 698 , 2718.77 
 699 , 2710.83 
 700 , 2704.39 
 701 , 2701.51 
 702 , 2701.79 
 703 , 2702.28 
 704 , 2701.59 
 705 , 2701.78 
 706 , 2704.56 
 707 , 2707.84 
 708 , 2708.7 
 709 , 2707.46 
 710 , 2706.47 
 711 , 2706.84 
 712 , 2708.03 
 713 , 2710.18 
 714 , 2715.54 
 715 , 2726.16 
 716 , 2740.61 
 717 , 2756.18 
 718 , 2770.13 
 719 , 2779.75 
 720 , 2783.67 
 721 , 2782.61 
 722 , 2777.74 
 723 , 2771.1 
 724 , 2764.86 
 725 , 2760.79 
 726 , 2760.42 
 727 , 2763.76 
 728 , 2769.4 
 729 , 2775.16 
 730 , 2777.44 
 731 , 2773.63 
 732 , 2765.82 
 733 , 2756.86 
 734 , 2746.03 
 735 , 2730.89 
 736 , 2714.15 
 737 , 2704.04 
 738 , 2704.2 
 739 , 2707.79 
 740 , 2708.53 
 741 , 2708.89 
 742 , 2713.27 
 743 , 2720.41 
 744 , 2725.75 
 745 , 2728.44 
 746 , 2731.98 
 747 , 2737.78 
 748 , 2741.8 
 749 , 2740.3 
 750 , 2735.15 
 751 , 2729.72 
 752 , 2724.3 
 753 , 2717.27 
 754 , 2708.47 
 755 , 2699.62 
 756 , 2692.01 
 757 , 2685.6 
 758 , 2680.31 
 759 , 2677.09 
 760 , 2677.09 
 761 , 2680.05 
 762 , 2684.78 
 763 , 2689.84 
 764 , 2693.45 
 765 , 2694.55 
 766 , 2693.96 
 767 , 2692.8 
 768 , 2692.41 
 769 , 2694.09 
 770 , 2697.97 
 771 , 2703.41 
 772 , 2708.4 
 773 , 2709.33 
 774 , 2705.3 
 775 , 2702.49 
 776 , 2706.26 
 777 , 2712.45 
 778 , 2714.68 
 779 , 2714.88 
 780 , 2720.11 
 781 , 2730.96 
 782 , 2740.33 
 783 , 2743.62 
 784 , 2743.1 
 785 , 2741.34 
 786 , 2737.59 
 787 , 2730.46 
 788 , 2722.03 
 789 , 2716.24 
 790 , 2714.84 
 791 , 2717.06 
 792 , 2721.94 
 793 , 2728.35 
 794 , 2734.7 
 795 , 2737.67 
 796 , 2734.13 
 797 , 2726.65 
 798 , 2720.54 
 799 , 2718.04 
 800 , 2718.43 
 801 , 2720.6 
 802 , 2722.93 
 803 , 2724.05 
 804 , 2723.48 
 805 , 2720.89 
 806 , 2715.7 
 807 , 2707.4 
 808 , 2699.09 
 809 , 2696.74 
 810 , 2703.71 
 811 , 2719.38 
 812 , 2741.64 
 813 , 2765.07 
 814 , 2783.74 
 815 , 2791.94 
 816 , 2784.94 
 817 , 2769 
 818 , 2757.49 
 819 , 2758.89 
 820 , 2775.54 
 821 , 2804.46 
 822 , 2831.63 
 823 , 2844.66 
 824 , 2844.65 
 825 , 2836.01 
 826 , 2819.7 
 827 , 2795.28 
 828 , 2770.52 
 829 , 2760.92 
 830 , 2770.94 
 831 , 2785.7 
 832 , 2792.31 
 833 , 2790.42 
 834 , 2782.44 
 835 , 2772.22 
 836 , 2763.78 
 837 , 2756.41 
 838 , 2746.07 
 839 , 2733.09 
 840 , 2723.46 
 841 , 2721.02 
 842 , 2723.87 
 843 , 2730.16 
 844 , 2741.88 
 845 , 2761.51 
 846 , 2786.5 
 847 , 2811.85 
 848 , 2834.56 
 849 , 2853.44 
 850 , 2866.98 
 851 , 2873.07 
 852 , 2871.13 
 853 , 2865.14 
 854 , 2859.27 
 855 , 2854.04 
 856 , 2848.67 
 857 , 2841.72 
 858 , 2831.4 
 859 , 2816.98 
 860 , 2798.9 
 861 , 2778.4 
 862 , 2758.15 
 863 , 2740.84 
 864 , 2728.67 
 865 , 2723.29 
 866 , 2723.46 
 867 , 2726.67 
 868 , 2730.43 
 869 , 2732.25 
 870 , 2730.59 
 871 , 2725.1 
 872 , 2716.06 
 873 , 2705.02 
 874 , 2693.65 
 875 , 2683.45 
 876 , 2676.03 
 877 , 2674.06 
 878 , 2680.36 
 879 , 2691.85 
 880 , 2700.81 
 881 , 2704.11 
 882 , 2704.95 
 883 , 2705.53 
 884 , 2704.57 
 885 , 2700.96 
 886 , 2696.55 
 887 , 2693.5 
 888 , 2690.45 
 889 , 2684.56 
 890 , 2676.57 
 891 , 2670.06 
 892 , 2665.77 
 893 , 2660.37 
 894 , 2652.09 
 895 , 2643.63 
 896 , 2637.68 
 897 , 2634.17 
 898 , 2632.65 
 899 , 2635.48 
 900 , 2645.9 
 901 , 2661.46 
 902 , 2675.16 
 903 , 2683.45 
 904 , 2687.49 
 905 , 2689.08 
 906 , 2690.77 
 907 , 2694.59 
 908 , 2700.09 
 909 , 2706.12 
 910 , 2710.6 
 911 , 2711.18 
 912 , 2708 
 913 , 2702.97 
 914 , 2698.24 
 915 , 2696.14 
 916 , 2697.64 
 917 , 2700.85 
 918 , 2703.66 
 919 , 2704.44 
 920 , 2701.99 
 921 , 2697.31 
 922 , 2692.04 
 923 , 2685.92 
 924 , 2677.59 
 925 , 2667.96 
 926 , 2660.29 
 927 , 2656 
 928 , 2653.24 
 929 , 2650.8 
 930 , 2650.27 
 931 , 2652.95 
 932 , 2656.48 
 933 , 2657.54 
 934 , 2654.73 
 935 , 2647.66 
 936 , 2636.85 
 937 , 2623.58 
 938 , 2609.75 
 939 , 2598.06 
 940 , 2590.13 
 941 , 2585.11 
 942 , 2582.25 
 943 , 2582.42 
 944 , 2586.38 
 945 , 2591.89 
 946 , 2595.84 
 947 , 2599.25 
 948 , 2605.65 
 949 , 2614.66 
 950 , 2621.92 
 951 , 2625.4 
 952 , 2627.21 
 953 , 2628.94 
 954 , 2629.82 
 955 , 2629.33 
 956 , 2629.92 
 957 , 2634.14 
 958 , 2639.17 
 959 , 2640.06 
 960 , 2637.81 
 961 , 2637.6 
 962 , 2640.17 
 963 , 2640.97 
 964 , 2637.42 
 965 , 2631.04 
 966 , 2623.42 
 967 , 2614.97 
 968 , 2606.44 
 969 , 2601.24 
 970 , 2603.09 
 971 , 2611.88 
 972 , 2625.41 
 973 , 2639.23 
 974 , 2647.24 
 975 , 2646.38 
 976 , 2637.33 
 977 , 2622.66 
 978 , 2607.96 
 979 , 2598.24 
 980 , 2595.63 
 981 , 2601.14 
 982 , 2612.85 
 983 , 2627.98 
 984 , 2643.47 
 985 , 2656.37 
 986 , 2666.14 
 987 , 2674.07 
 988 , 2680.29 
 989 , 2683.62 
 990 , 2684.14 
 991 , 2684.43 
 992 , 2686.21 
 993 , 2688.16 
 994 , 2688.9 
 995 , 2689.15 
 996 , 2690.11 
 997 , 2692.25 
 998 , 2695.72 
 999 , 2701.11 
 1000 , 2709.15 
 1001 , 2717.08 
 1002 , 2718.7 
 1003 , 2711.53 
 1004 , 2699.17 
 1005 , 2684.25 
 1006 , 2665.84 
 1007 , 2644.31 
 1008 , 2626.73 
 1009 , 2619.81 
 1010 , 2619.08 
 1011 , 2616.67 
 1012 , 2610.91 
 1013 , 2603.63 
 1014 , 2597.09 
 1015 , 2593.81 
 1016 , 2595.04 
 1017 , 2600.41 
 1018 , 2607.85 
 1019 , 2612.32 
 1020 , 2610.08 
 1021 , 2602.03 
 1022 , 2590.77 
 1023 , 2583.11 
 1024 , 2585.81 
 1025 , 2597.29 
 1026 , 2612.59 
 1027 , 2628.35 
 1028 , 2642.14 
 1029 , 2649.58 
 1030 , 2644.7 
 1031 , 2628.75 
 1032 , 2612.94 
 1033 , 2604.6 
 1034 , 2601.76 
 1035 , 2601.94 
 1036 , 2604.56 
 1037 , 2609.56 
 1038 , 2617.58 
 1039 , 2629.07 
 1040 , 2641.71 
 1041 , 2652.18 
 1042 , 2660.37 
 1043 , 2668.02 
 1044 , 2673.63 
 1045 , 2672.73 
 1046 , 2663.42 
 1047 , 2647.37 
 1048 , 2628.55 
 1049 , 2614.86 
 1050 , 2611.55 
 1051 , 2614.97 
 1052 , 2621.07 
 1053 , 2630.89 
 1054 , 2645.38 
 1055 , 2656.03 
 1056 , 2652.26 
 1057 , 2640.55 
 1058 , 2636.48 
 1059 , 2641.3 
 1060 , 2644.48 
 1061 , 2642.42 
 1062 , 2640.04 
 1063 , 2638.27 
 1064 , 2630.53 
 1065 , 2615.19 
 1066 , 2604.19 
 1067 , 2606.87 
 1068 , 2616.42 
 1069 , 2623.56 
 1070 , 2624.62 
 1071 , 2617.82 
 1072 , 2602.1 
 1073 , 2577.35 
 1074 , 2550.79 
 1075 , 2534.17 
 1076 , 2531 
 1077 , 2537.13 
 1078 , 2549.7 
 1079 , 2567.84 
 1080 , 2589.42 
 1081 , 2609.61 
 1082 , 2624.66 
 1083 , 2634.41 
 1084 , 2639.5 
 1085 , 2641.43 
 1086 , 2641.47 
 1087 , 2638.34 
 1088 , 2630.58 
 1089 , 2621.83 
 1090 , 2617.59 
 1091 , 2616.18 
 1092 , 2611.36 
 1093 , 2602.27 
 1094 , 2592.97 
 1095 , 2585.62 
 1096 , 2579.64 
 1097 , 2574.28 
 1098 , 2568.69 
 1099 , 2563.24 
 1100 , 2561.13 
 1101 , 2563.83 
 1102 , 2565.54 
 1103 , 2561.09 
 1104 , 2555.7 
 1105 , 2556.28 
 1106 , 2560.07 
 1107 , 2561.03 
 1108 , 2560.86 
 1109 , 2565.3 
 1110 , 2572.89 
 1111 , 2576.79 
 1112 , 2576.03 
 1113 , 2575.99 
 1114 , 2578.72 
 1115 , 2581.09 
 1116 , 2581.76 
 1117 , 2583.55 
 1118 , 2587.61 
 1119 , 2589.62 
 1120 , 2586.07 
 1121 , 2579.67 
 1122 , 2573.99 
 1123 , 2569.55 
 1124 , 2565.63 
 1125 , 2559.47 
 1126 , 2548.31 
 1127 , 2538.49 
 1128 , 2540.7 
 1129 , 2551.47 
 1130 , 2556.84 
 1131 , 2553.8 
 1132 , 2550.67 
 1133 , 2551.52 
 1134 , 2554.04 
 1135 , 2556.22 
 1136 , 2557.46 
 1137 , 2557.88 
 1138 , 2559.11 
 1139 , 2560.8 
 1140 , 2555.7 
 1141 , 2539.12 
 1142 , 2523.45 
 1143 , 2522.81 
 1144 , 2533.95 
 1145 , 2547.88 
 1146 , 2560.48 
 1147 , 2570.06 
 1148 , 2576.01 
 1149 , 2578.34 
 1150 , 2577.04 
 1151 , 2572.17 
 1152 , 2567.32 
 1153 , 2569.78 
 1154 , 2580.48 
 1155 , 2591.35 
 1156 , 2598.54 
 1157 , 2606.94 
 1158 , 2619.02 
 1159 , 2629.41 
 1160 , 2634.2 
 1161 , 2637.5 
 1162 , 2643.37 
 1163 , 2649.51 
 1164 , 2652.62 
 1165 , 2652.91 
 1166 , 2651.44 
 1167 , 2646.82 
 1168 , 2637.1 
 1169 , 2625.62 
 1170 , 2618.19 
 1171 , 2613.38 
 1172 , 2604.93 
 1173 , 2593.45 
 1174 , 2585.8 
 1175 , 2584.13 
 1176 , 2584.89 
 1177 , 2585.55 
 1178 , 2585.58 
 1179 , 2584.81 
 1180 , 2583.49 
 1181 , 2581.69 
 1182 , 2579 
 1183 , 2575.37 
 1184 , 2572.1 
 1185 , 2569.79 
 1186 , 2565.39 
 1187 , 2555.91 
 1188 , 2543.14 
 1189 , 2530.17 
 1190 , 2518.87 
 1191 , 2510.66 
 1192 , 2507.45 
 1193 , 2511.2 
 1194 , 2521.76 
 1195 , 2537.55 
 1196 , 2555.16 
 1197 , 2569.8 
 1198 , 2579.61 
 1199 , 2585.49 
 1200 , 2587.05 
 1201 , 2582.33 
 1202 , 2572.86 
 1203 , 2565.4 
 1204 , 2563.84 
 1205 , 2566.14 
 1206 , 2569.32 
 1207 , 2569.66 
 1208 , 2565.35 
 1209 , 2560.13 
 1210 , 2556.24 
 1211 , 2547.4 
 1212 , 2529.08 
 1213 , 2512.78 
 1214 , 2511.11 
 1215 , 2518.76 
 1216 , 2526.2 
 1217 , 2537.2 
 1218 , 2559.11 
 1219 , 2582.18 
 1220 , 2589.46 
 1221 , 2582.14 
 1222 , 2572.17 
 1223 , 2563.24 
 1224 , 2552.82 
 1225 , 2542.09 
 1226 , 2535.55 
 1227 , 2533.01 
 1228 , 2529.13 
 1229 , 2522.65 
 1230 , 2517.88 
 1231 , 2518.09 
 1232 , 2524.27 
 1233 , 2535.37 
 1234 , 2546.94 
 1235 , 2555.29 
 1236 , 2559.46 
 1237 , 2559.3 
 1238 , 2555.99 
 1239 , 2550.62 
 1240 , 2543.3 
 1241 , 2534.86 
 1242 , 2529.89 
 1243 , 2532.54 
 1244 , 2540.32 
 1245 , 2549.11 
 1246 , 2557.08 
 1247 , 2563.09 
 1248 , 2565.11 
 1249 , 2561.29 
 1250 , 2554.47 
 1251 , 2549.77 
 1252 , 2550.86 
 1253 , 2560.16 
 1254 , 2574.69 
 1255 , 2587.79 
 1256 , 2594.66 
 1257 , 2592.36 
 1258 , 2582.46 
 1259 , 2570.66 
 1260 , 2560.04 
 1261 , 2550.58 
 1262 , 2542.55 
 1263 , 2536.72 
 1264 , 2532.62 
 1265 , 2527.89 
 1266 , 2522.95 
 1267 , 2523.15 
 1268 , 2530.44 
 1269 , 2539 
 1270 , 2544.39 
 1271 , 2547.54 
 1272 , 2548.73 
 1273 , 2544.67 
 1274 , 2534.27 
 1275 , 2525.27 
 1276 , 2524.88 
 1277 , 2532.24 
 1278 , 2543.86 
 1279 , 2553.03 
 1280 , 2553.95 
 1281 , 2549.34 
 1282 , 2543.74 
 1283 , 2537.1 
 1284 , 2528.47 
 1285 , 2521.53 
 1286 , 2521.18 
 1287 , 2527.54 
 1288 , 2538.5 
 1289 , 2551.57 
 1290 , 2564.16 
 1291 , 2574.83 
 1292 , 2582.86 
 1293 , 2588.76 
 1294 , 2593.61 
 1295 , 2596.21 
 1296 , 2593.86 
 1297 , 2588.34 
 1298 , 2584.8 
 1299 , 2580.79 
 1300 , 2567.04 
 1301 , 2544.5 
 1302 , 2524.75 
 1303 , 2511.77 
 1304 , 2500.33 
 1305 , 2489.92 
 1306 , 2486.62 
 1307 , 2490.66 
 1308 , 2493.33 
 1309 , 2491.16 
 1310 , 2490.08 
 1311 , 2493.98 
 1312 , 2501.74 
 1313 , 2512.33 
 1314 , 2525.84 
 1315 , 2540.19 
 1316 , 2548.48 
 1317 , 2546.93 
 1318 , 2540.68 
 1319 , 2534.85 
 1320 , 2531.28 
 1321 , 2531.27 
 1322 , 2536.12 
 1323 , 2545.71 
 1324 , 2555.53 
 1325 , 2561.43 
 1326 , 2563.71 
 1327 , 2564.2 
 1328 , 2566.86 
 1329 , 2574.31 
 1330 , 2581.52 
 1331 , 2583.26 
 1332 , 2582.48 
 1333 , 2583.32 
 1334 , 2584.24 
 1335 , 2582.6 
 1336 , 2579.69 
 1337 , 2577.33 
 1338 , 2573.01 
 1339 , 2563.21 
 1340 , 2548.34 
 1341 , 2531.09 
 1342 , 2519.64 
 1343 , 2522.36 
 1344 , 2531.45 
 1345 , 2533.57 
 1346 , 2531.16 
 1347 , 2533.22 
 1348 , 2537.84 
 1349 , 2538.17 
 1350 , 2534.22 
 1351 , 2529.53 
 1352 , 2524.34 
 1353 , 2516.94 
 1354 , 2506.71 
 1355 , 2494.31 
 1356 , 2487.73 
 1357 , 2498.46 
 1358 , 2521.01 
 1359 , 2538.75 
 1360 , 2546.49 
 1361 , 2547.56 
 1362 , 2543.03 
 1363 , 2532.36 
 1364 , 2519.22 
 1365 , 2510.4 
 1366 , 2507.8 
 1367 , 2509.16 
 1368 , 2513.23 
 1369 , 2519.82 
 1370 , 2529.29 
 1371 , 2542.32 
 1372 , 2555.76 
 1373 , 2562.98 
 1374 , 2563.37 
 1375 , 2562.13 
 1376 , 2559.18 
 1377 , 2548.96 
 1378 , 2533.7 
 1379 , 2523.9 
 1380 , 2522.61 
 1381 , 2524.37 
 1382 , 2525.64 
 1383 , 2525.47 
 1384 , 2521.36 
 1385 , 2508.99 
 1386 , 2487.64 
 1387 , 2461.14 
 1388 , 2435.48 
 1389 , 2418.87 
 1390 , 2416.26 
 1391 , 2428.19 
 1392 , 2449.41 
 1393 , 2467.81 
 1394 , 2476.75 
 1395 , 2477.23 
 1396 , 2472.32 
 1397 , 2467.12 
 1398 , 2465.38 
 1399 , 2468.79 
 1400 , 2477.07 
 1401 , 2487.44 
 1402 , 2497.16 
 1403 , 2503.8 
 1404 , 2505.77 
 1405 , 2502.62 
 1406 , 2497.32 
 1407 , 2497.22 
 1408 , 2503.55 
 1409 , 2508.84 
 1410 , 2513.02 
 1411 , 2526.79 
 1412 , 2550.49 
 1413 , 2569.34 
 1414 , 2577.79 
 1415 , 2584.38 
 1416 , 2591.63 
 1417 , 2592.59 
 1418 , 2586.57 
 1419 , 2582.12 
 1420 , 2581.09 
 1421 , 2575.62 
 1422 , 2562.96 
 1423 , 2548.07 
 1424 , 2535.72 
 1425 , 2529.63 
 1426 , 2529.07 
 1427 , 2527.95 
 1428 , 2533.49 
 1429 , 2569.52 
 1430 , 2632.94 
 1431 , 2686.27 
 1432 , 2714.57 
 1433 , 2732.66 
 1434 , 2739.95 
 1435 , 2715.93 
 1436 , 2664.62 
 1437 , 2619.54 
 1438 , 2596.03 
 1439 , 2586.75 
 1440 , 2586.03 
 1441 , 2591.48 
 1442 , 2600.03 
 1443 , 2607.85 
 1444 , 2614.53 
 1445 , 2623 
 1446 , 2630.7 
 1447 , 2629.68 
 1448 , 2619.33 
 1449 , 2606.08 
 1450 , 2590.28 
 1451 , 2566.85 
 1452 , 2542.42 
 1453 , 2533.53 
 1454 , 2540.23 
 1455 , 2548.7 
 1456 , 2557.17 
 1457 , 2573.39 
 1458 , 2591.21 
 1459 , 2594.34 
 1460 , 2581.75 
 1461 , 2563.77 
 1462 , 2546.28 
 1463 , 2531.7 
 1464 , 2522.32 
 1465 , 2519.92 
 1466 , 2520.88 
 1467 , 2518.69 
 1468 , 2513.96 
 1469 , 2511.24 
 1470 , 2511.09 
 1471 , 2511.82 
 1472 , 2512.17 
 1473 , 2510.96 
 1474 , 2504.9 
 1475 , 2490.38 
 1476 , 2469.54 
 1477 , 2447.18 
 1478 , 2427.38 
 1479 , 2413.16 
 1480 , 2403 
 1481 , 2394.81 
 1482 , 2394.54 
 1483 , 2408.33 
 1484 , 2425.77 
 1485 , 2433.68 
 1486 , 2435.78 
 1487 , 2438.53 
 1488 , 2434.59 
 1489 , 2416.89 
 1490 , 2398.15 
 1491 , 2392.01 
 1492 , 2393.33 
 1493 , 2394.13 
 1494 , 2393.8 
 1495 , 2394.64 
 1496 , 2403.15 
 1497 , 2422.12 
 1498 , 2440.15 
 1499 , 2447.28 
 1500 , 2445.34 
 1501 , 2437.37 
 1502 , 2424.41 
 1503 , 2408.02 
 1504 , 2391.77 
 1505 , 2378.64 
 1506 , 2369.79 
 1507 , 2365.06 
 1508 , 2362.1 
 1509 , 2357.63 
 1510 , 2347.23 
 1511 , 2331.66 
 1512 , 2319.93 
 1513 , 2316.36 
 1514 , 2317.6 
 1515 , 2323.27 
 1516 , 2337.34 
 1517 , 2357.49 
 1518 , 2373.95 
 1519 , 2382.55 
 1520 , 2385.38 
 1521 , 2385.18 
 1522 , 2384.74 
 1523 , 2383.43 
 1524 , 2377.8 
 1525 , 2366.21 
 1526 , 2348.8 
 1527 , 2330.95 
 1528 , 2320.72 
 1529 , 2317.07 
 1530 , 2314.27 
 1531 , 2313.72 
 1532 , 2319.81 
 1533 , 2329.75 
 1534 , 2338.64 
 1535 , 2350.04 
 1536 , 2368.17 
 1537 , 2380.44 
 1538 , 2372.75 
 1539 , 2354.44 
 1540 , 2338.54 
 1541 , 2321.6 
 1542 , 2300.19 
 1543 , 2288.22 
 1544 , 2296.88 
 1545 , 2314.74 
 1546 , 2329.59 
 1547 , 2340.26 
 1548 , 2347.64 
 1549 , 2352.75 
 1550 , 2354.98 
 1551 , 2350.19 
 1552 , 2341.24 
 1553 , 2344.57 
 1554 , 2364.96 
 1555 , 2386.4 
 1556 , 2400.93 
 1557 , 2414.25 
 1558 , 2424.93 
 1559 , 2422.24 
 1560 , 2407.89 
 1561 , 2396.68 
 1562 , 2395 
 1563 , 2400.9 
 1564 , 2410.83 
 1565 , 2420.66 
 1566 , 2430.99 
 1567 , 2444.72 
 1568 , 2455.37 
 1569 , 2453.15 
 1570 , 2445.9 
 1571 , 2447.42 
 1572 , 2452.83 
 1573 , 2451.74 
 1574 , 2446.75 
 1575 , 2443.53 
 1576 , 2441 
 1577 , 2436.13 
 1578 , 2426.3 
 1579 , 2411.64 
 1580 , 2400.83 
 1581 , 2399.3 
 1582 , 2398.89 
 1583 , 2394.41 
 1584 , 2392.62 
 1585 , 2400.23 
 1586 , 2420.57 
 1587 , 2448.27 
 1588 , 2465 
 1589 , 2466.5 
 1590 , 2468.49 
 1591 , 2471.68 
 1592 , 2459.37 
 1593 , 2437.96 
 1594 , 2434.78 
 1595 , 2446.23 
 1596 , 2446.03 
 1597 , 2440.1 
 1598 , 2452.87 
 1599 , 2477.39 
 1600 , 2492.26 
 1601 , 2499.68 
 1602 , 2509.75 
 1603 , 2514.86 
 1604 , 2504.38 
 1605 , 2485.25 
 1606 , 2468.06 
 1607 , 2456.62 
 1608 , 2451.07 
 1609 , 2445.34 
 1610 , 2435.82 
 1611 , 2428.49 
 1612 , 2427.3 
 1613 , 2428.83 
 1614 , 2426.84 
 1615 , 2412.17 
 1616 , 2390.53 
 1617 , 2387.9 
 1618 , 2404.11 
 1619 , 2408.82 
 1620 , 2400.25 
 1621 , 2402.61 
 1622 , 2407.8 
 1623 , 2386.23 
 1624 , 2351.46 
 1625 , 2338.95 
 1626 , 2340.54 
 1627 , 2330.97 
 1628 , 2317.06 
 1629 , 2313.74 
 1630 , 2311.07 
 1631 , 2298.12 
 1632 , 2291.7 
 1633 , 2305.97 
 1634 , 2324.74 
 1635 , 2331.74 
 1636 , 2325.03 
 1637 , 2308.04 
 1638 , 2290.27 
 1639 , 2277.58 
 1640 , 2269 
 1641 , 2264.35 
 1642 , 2264.9 
 1643 , 2266.8 
 1644 , 2261.24 
 1645 , 2244.74 
 1646 , 2219.05 
 1647 , 2194.57 
 1648 , 2185.13 
 1649 , 2188.12 
 1650 , 2194.34 
 1651 , 2205.57 
 1652 , 2225.21 
 1653 , 2242.96 
 1654 , 2248.53 
 1655 , 2247.34 
 1656 , 2245.63 
 1657 , 2241.45 
 1658 , 2234.53 
 1659 , 2231.55 
 1660 , 2232.73 
 1661 , 2225.69 
 1662 , 2208.68 
 1663 , 2195.67 
 1664 , 2191.54 
 1665 , 2190.55 
 1666 , 2190.82 
 1667 , 2193.97 
 1668 , 2198.94 
 1669 , 2203.37 
 1670 , 2209.59 
 1671 , 2221.65 
 1672 , 2239.35 
 1673 , 2258.47 
 1674 , 2263.76 
 1675 , 2244.31 
 1676 , 2215.8 
 1677 , 2192.46 
 1678 , 2169.27 
 1679 , 2147.66 
 1680 , 2148.22 
 1681 , 2173.58 
 1682 , 2195.58 
 1683 , 2203.02 
 1684 , 2207.64 
 1685 , 2213.28 
 1686 , 2215.65 
 1687 , 2214.91 
 1688 , 2214.14 
 1689 , 2212.66 
 1690 , 2207.72 
 1691 , 2196.57 
 1692 , 2177.52 
 1693 , 2153.76 
 1694 , 2130.73 
 1695 , 2116.53 
 1696 , 2114.27 
 1697 , 2112.72 
 1698 , 2106.56 
 1699 , 2106.26 
 1700 , 2115.33 
 1701 , 2124.51 
 1702 , 2127.91 
 1703 , 2124.63 
 1704 , 2114.67 
 1705 , 2098.71 
 1706 , 2078.55 
 1707 , 2057.44 
 1708 , 2044.22 
 1709 , 2047.72 
 1710 , 2061.66 
 1711 , 2076.5 
 1712 , 2090.71 
 1713 , 2102.99 
 1714 , 2106.85 
 1715 , 2099.09 
 1716 , 2085.39 
 1717 , 2069.78 
 1718 , 2051.99 
 1719 , 2034.02 
 1720 , 2020.45 
 1721 , 2006.65 
 1722 , 1981.96 
 1723 , 1961.48 
 1724 , 1971.36 
 1725 , 1992.68 
 1726 , 1993.86 
 1727 , 1991.26 
 1728 , 2006.78 
 1729 , 2020.44 
 1730 , 2015.81 
 1731 , 2014.15 
 1732 , 2029.82 
 1733 , 2050.71 
 1734 , 2066.72 
 1735 , 2075.26 
 1736 , 2077.95 
 1737 , 2079.99 
 1738 , 2082.67 
 1739 , 2083.83 
 1740 , 2079.01 
 1741 , 2064.59 
 1742 , 2050.71 
 1743 , 2047.72 
 1744 , 2041.46 
 1745 , 2023.41 
 1746 , 2025.35 
 1747 , 2063.04 
 1748 , 2098.52 
 1749 , 2110.67 
 1750 , 2116.78 
 1751 , 2115.08 
 1752 , 2079.74 
 1753 , 2020.76 
 1754 , 1977.11 
 1755 , 1962.27 
 1756 , 1972.92 
 1757 , 1999.26 
 1758 , 2030.29 
 1759 , 2062.01 
 1760 , 2089.25 
 1761 , 2096.3 
 1762 , 2077.31 
 1763 , 2053.4 
 1764 , 2035.9 
 1765 , 2014.95 
 1766 , 1992.64 
 1767 , 1985.82 
 1768 , 1994.66 
 1769 , 2006.18 
 1770 , 2018.02 
 1771 , 2032.41 
 1772 , 2039.96 
 1773 , 2030.95 
 1774 , 2015.27 
 1775 , 2003.93 
 1776 , 1995.41 
 1777 , 1989.56 
 1778 , 1993.54 
 1779 , 2007.26 
 1780 , 2019.26 
 1781 , 2022.02 
 1782 , 2013.44 
 1783 , 1998.74 
 1784 , 1987.28 
 1785 , 1981.25 
 1786 , 1979.2 
 1787 , 1978.91 
 1788 , 1978.45 
 1789 , 1977.8 
 1790 , 1975.52 
 1791 , 1965.92 
 1792 , 1948.98 
 1793 , 1934.68 
 1794 , 1925.44 
 1795 , 1914.4 
 1796 , 1899.9 
 1797 , 1885.2 
 1798 , 1877 
 1799 , 1881.09 
 1800 , 1886.94 
 1801 , 1885.13 
 1802 , 1893.71 
 1803 , 1924.13 
 1804 , 1953.91 
 1805 , 1970.51 
 1806 , 1987.3 
 1807 , 2003.23 
 1808 , 1998.85 
 1809 , 1982.78 
 1810 , 1983.9 
 1811 , 1997.47 
 1812 , 2002.89 
 1813 , 1998.5 
 1814 , 1987.76 
 1815 , 1966.65 
 1816 , 1935.69 
 1817 , 1911.47 
 1818 , 1903.27 
 1819 , 1904.08 
 1820 , 1908.09 
 1821 , 1913.13 
 1822 , 1923.31 
 1823 , 1945.09 
 1824 , 1963.98 
 1825 , 1960.75 
 1826 , 1950.03 
 1827 , 1948.03 
 1828 , 1936.1 
 1829 , 1908.28 
 1830 , 1903.67 
 1831 , 1933.42 
 1832 , 1958.61 
 1833 , 1963.22 
 1834 , 1958.05 
 1835 , 1949.11 
 1836 , 1938.78 
 1837 , 1932.32 
 1838 , 1934.75 
 1839 , 1944.13 
 1840 , 1956.59 
 1841 , 1968.47 
 1842 , 1973.01 
 1843 , 1958.43 
 1844 , 1935.1 
 1845 , 1938.72 
 1846 , 1960.96 
 1847 , 1961.4 
 1848 , 1948.43 
 1849 , 1949.96 
 1850 , 1952.74 
 1851 , 1939.85 
 1852 , 1931.41 
 1853 , 1940.84 
 1854 , 1949.39 
 1855 , 1947.46 
 1856 , 1943.97 
 1857 , 1937.36 
 1858 , 1916.85 
 1859 , 1893.35 
 1860 , 1887.12 
 1861 , 1891.89 
 1862 , 1895.71 
 1863 , 1905.42 
 1864 , 1924.58 
 1865 , 1937.66 
 1866 , 1935.78 
 1867 , 1924.92 
 1868 , 1912.01 
 1869 , 1903.28 
 1870 , 1900.16 
 1871 , 1900.75 
 1872 , 1901.62 
 1873 , 1899.43 
 1874 , 1893.82 
 1875 , 1884.7 
 1876 , 1870.74 
 1877 , 1852.19 
 1878 , 1832.1 
 1879 , 1814.79 
 1880 , 1805.49 
 1881 , 1808.03 
 1882 , 1825.03 
 1883 , 1857.35 
 1884 , 1901.48 
 1885 , 1939.34 
 1886 , 1958.18 
 1887 , 1967.04 
 1888 , 1970.59 
 1889 , 1962.19 
 1890 , 1944.42 
 1891 , 1928.93 
 1892 , 1915.78 
 1893 , 1898.93 
 1894 , 1881.09 
 1895 , 1867.87 
 1896 , 1862.86 
 1897 , 1865.75 
 1898 , 1868.44 
 1899 , 1861.75 
 1900 , 1837.74 
 1901 , 1812.36 
 1902 , 1817.66 
 1903 , 1837.9 
 1904 , 1838.74 
 1905 , 1831.67 
 1906 , 1831.4 
 1907 , 1812.96 
 1908 , 1769.26 
 1909 , 1742.62 
 1910 , 1753 
 1911 , 1786.23 
 1912 , 1823.59 
 1913 , 1847.31 
 1914 , 1861.73 
 1915 , 1876.92 
 1916 , 1882.52 
 1917 , 1870.33 
 1918 , 1852.58 
 1919 , 1838.76 
 1920 , 1828.85 
 1921 , 1821.77 
 1922 , 1816.91 
 1923 , 1821.21 
 1924 , 1841.26 
 1925 , 1854.81 
 1926 , 1840.69 
 1927 , 1817.02 
 1928 , 1803.25 
 1929 , 1804.49 
 1930 , 1816.95 
 1931 , 1828.58 
 1932 , 1834.77 
 1933 , 1835.66 
 1934 , 1822.12 
 1935 , 1789.62 
 1936 , 1771.18 
 1937 , 1790.15 
 1938 , 1822.13 
 1939 , 1847.84 
 1940 , 1865.46 
 1941 , 1866.68 
 1942 , 1839.53 
 1943 , 1802.95 
 1944 , 1784.77 
 1945 , 1772.9 
 1946 , 1755.96 
 1947 , 1760.7 
 1948 , 1792.88 
 1949 , 1813.08 
 1950 , 1815.46 
 1951 , 1828.08 
 1952 , 1828.72 
 1953 , 1776.58 
 1954 , 1707.4 
 1955 , 1667.94 
 1956 , 1650.58 
 1957 , 1646.86 
 1958 , 1667 
 1959 , 1708.03 
 1960 , 1750.33 
 1961 , 1778.2 
 1962 , 1782.9 
 1963 , 1780.22 
 1964 , 1787.42 
 1965 , 1793.6 
 1966 , 1793.44 
 1967 , 1804.41 
 1968 , 1828.1 
 1969 , 1845.88 
 1970 , 1859.13 
 1971 , 1879.2 
 1972 , 1885.26 
 1973 , 1857.86 
 1974 , 1830.01 
 1975 , 1822.3 
 1976 , 1806.73 
 1977 , 1778.12 
 1978 , 1763.32 
 1979 , 1762.46 
 1980 , 1758.28 
 1981 , 1751.32 
 1982 , 1744.85 
 1983 , 1725.95 
 1984 , 1694.69 
 1985 , 1683.28 
 1986 , 1693.67 
 1987 , 1691.5 
 1988 , 1682.39 
 1989 , 1693.04 
 1990 , 1702.78 
 1991 , 1688.02 
 1992 , 1677.96 
 1993 , 1699.6 
 1994 , 1753.88 
 1995 , 1818.02 
 1996 , 1850.66 
 1997 , 1855.1 
 1998 , 1857.52 
 1999 , 1850.38 
 2000 , 1825.09 
 2001 , 1806.73 
 2002 , 1806.35 
 2003 , 1801.04 
 2004 , 1784.6 
 2005 , 1769.69 
 2006 , 1761.67 
 2007 , 1760.76 
 2008 , 1764.31 
 2009 , 1769.51 
 2010 , 1775.3 
 2011 , 1775.33 
 2012 , 1756.11 
 2013 , 1724.13 
 2014 , 1700.44 
 2015 , 1683.05 
 2016 , 1663.14 
 2017 , 1650.63 
 2018 , 1653.28 
 2019 , 1663.26 
 2020 , 1670.64 
 2021 , 1666.22 
 2022 , 1649.76 
 2023 , 1626.53 
 2024 , 1596.21 
 2025 , 1561.32 
 2026 , 1541.24 
 2027 , 1544.87 
 2028 , 1556.47 
 2029 , 1565.18 
 2030 , 1568.34 
 2031 , 1569.55 
 2032 , 1575.56 
 2033 , 1592.1 
 2034 , 1623.36 
 2035 , 1669.92 
 2036 , 1716.84 
 2037 , 1731.18 
 2038 , 1723 
 2039 , 1729.77 
 2040 , 1736.98 
 2041 , 1720.75 
 2042 , 1705.44 
 2043 , 1702.82 
 2044 , 1681.31 
 2045 , 1640.83 
 2046 , 1617.16 
 2047 , 1620.61 
 2048 , 1644.04 
 2049 , 1672.98 
 2050 , 1692.78 
 2051 , 1694.39 
 2052 , 1676.41 
 2053 , 1647 
 2054 , 1616.56 
 2055 , 1596.38 
 2056 , 1596.04 
 2057 , 1618 
 2058 , 1643.16 
 2059 , 1659.36 
 2060 , 1674.46 
 2061 , 1682.04 
 2062 , 1663 
 2063 , 1627.79 
 2064 , 1597.76 
 2065 , 1571.22 
 2066 , 1545.95 
 2067 , 1532.9 
 2068 , 1533.47 
 2069 , 1535.72 
 2070 , 1533.62 
 2071 , 1527.67 
 2072 , 1530.38 
 2073 , 1548.79 
 2074 , 1563.33 
 2075 , 1567.34 
 2076 , 1578.48 
 2077 , 1590.93 
 2078 , 1584.43 
 2079 , 1579.72 
 2080 , 1599.99 
 2081 , 1616.54 
 2082 , 1614.08 
 2083 , 1618.97 
 2084 , 1628.98 
 2085 , 1616.56 
 2086 , 1602.23 
 2087 , 1617.98 
 2088 , 1641.68 
 2089 , 1650.36 
 2090 , 1647.35 
 2091 , 1631.26 
 2092 , 1594.63 
 2093 , 1555.88 
 2094 , 1540.86 
 2095 , 1538.57 
 2096 , 1534.73 
 2097 , 1532.6 
 2098 , 1528.15 
 2099 , 1507.65 
 2100 , 1482.39 
 2101 , 1472.81 
 2102 , 1458.76 
 2103 , 1428.23 
 2104 , 1424.65 
 2105 , 1456.87 
 2106 , 1479.37 
 2107 , 1499.78 
 2108 , 1553.43 
 2109 , 1600.54 
 2110 , 1602.91 
 2111 , 1603.72 
 2112 , 1628.58 
 2113 , 1657.51 
 2114 , 1673.37 
 2115 , 1667.84 
 2116 , 1658.26 
 2117 , 1656.88 
 2118 , 1631.84 
 2119 , 1581.21 
 2120 , 1557.56 
 2121 , 1566.71 
 2122 , 1579.21 
 2123 , 1600.27 
 2124 , 1640.27 
 2125 , 1681.18 
 2126 , 1703.33 
 2127 , 1694.8 
 2128 , 1671.49 
 2129 , 1665.12 
 2130 , 1666.64 
 2131 , 1661.56 
 2132 , 1670.66 
 2133 , 1694.04 
 2134 , 1691.23 
 2135 , 1652.32 
 2136 , 1593.9 
 2137 , 1527.74 
 2138 , 1465.19 
 2139 , 1423.04 
 2140 , 1408.71 
 2141 , 1414.25 
 2142 , 1436.21 
 2143 , 1475.24 
 2144 , 1529.69 
 2145 , 1578.16 
 2146 , 1547.92 
 2147 , 1526.04 
 2148 , 1812.36 
 2149 , 2287.43 
 2150 , 2579.08 
 2151 , 2727.37 
 2152 , 2805.41 
 2153 , 2566.75 
 2154 , 2023.06 
 2155 , 1580.45 
 2156 , 1367.21 
 2157 , 1306.48 
 2158 , 1331.75 
 2159 , 1391.4 
 2160 , 1459.41 
 2161 , 1522.1 
 2162 , 1574.97 
 2163 , 1598.41 
 2164 , 1573.45 
 2165 , 1530.41 
 2166 , 1493.84 
 2167 , 1444.58 
 2168 , 1394.03 
 2169 , 1387.59 
 2170 , 1416.77 
 2171 , 1448.12 
 2172 , 1470.89 
 2173 , 1479.69 
 2174 , 1468.45 
 2175 , 1440.9 
 2176 , 1411.34 
 2177 , 1403.05 
 2178 , 1427.88 
 2179 , 1444.75 
 2180 , 1429.58 
 2181 , 1403.83 
 2182 , 1380.79 
 2183 , 1364.22 
 2184 , 1361 
 2185 , 1377.93 
 2186 , 1417.56 
 2187 , 1462.01 
 2188 , 1471.35 
 2189 , 1459.93 
 2190 , 1467.42 
 2191 , 1471.13 
 2192 , 1452.71 
 2193 , 1448.31 
 2194 , 1459.42 
 2195 , 1445.66 
 2196 , 1415.53 
 2197 , 1399.47 
 2198 , 1403.92 
 2199 , 1421.49 
 2200 , 1431.31 
 2201 , 1426.19 
 2202 , 1411.11 
 2203 , 1381.71 
 2204 , 1338.29 
 2205 , 1307.98 
 2206 , 1306.53 
 2207 , 1325.43 
 2208 , 1347.66 
 2209 , 1355.99 
 2210 , 1356.52 
 2211 , 1354.96 
 2212 , 1339.2 
 2213 , 1309.2 
 2214 , 1281.76 
 2215 , 1280.74 
 2216 , 1318.91 
 2217 , 1354.6 
 2218 , 1370.16 
 2219 , 1407.44 
 2220 , 1442.34 
 2221 , 1408.71 
 2222 , 1349.01 
 2223 , 1315.79 
 2224 , 1273.73 
 2225 , 1212.94 
 2226 , 1171.9 
 2227 , 1162.87 
 2228 , 1175.44 
 2229 , 1177.85 
 2230 , 1163.52 
 2231 , 1182.73 
 2232 , 1227.96 
 2233 , 1244.06 
 2234 , 1257 
 2235 , 1302.97 
 2236 , 1342.63 
 2237 , 1357.61 
 2238 , 1375.1 
 2239 , 1397.12 
 2240 , 1409.7 
 2241 , 1410.54 
 2242 , 1399.02 
 2243 , 1371.19 
 2244 , 1329.82 
 2245 , 1284.68 
 2246 , 1246.97 
 2247 , 1223.31 
 2248 , 1204.91 
 2249 , 1183.71 
 2250 , 1157.14 
 2251 , 1127.99 
 2252 , 1105.08 
 2253 , 1109.79 
 2254 , 1150.17 
 2255 , 1201.31 
 2256 , 1252.5 
 2257 , 1308.06 
 2258 , 1361.14 
 2259 , 1403.82 
 2260 , 1439.14 
 2261 , 1464.15 
 2262 , 1467.53 
 2263 , 1458.19 
 2264 , 1451.89 
 2265 , 1440.44 
 2266 , 1417.33 
 2267 , 1389.88 
 2268 , 1358.33 
 2269 , 1318.49 
 2270 , 1281.88 
 2271 , 1255.72 
 2272 , 1222.21 
 2273 , 1176.05 
 2274 , 1129.89 
 2275 , 1090.61 
 2276 , 1064.62 
 2277 , 1068.66 
 2278 , 1105.81 
 2279 , 1155.51 
 2280 , 1211.55 
 2281 , 1276.04 
 2282 , 1335.98 
 2283 , 1378.02 
 2284 , 1397.24 
 2285 , 1384.76 
 2286 , 1332.69 
 2287 , 1272.58 
 2288 , 1235.02 
 2289 , 1201.1 
 2290 , 1172.63 
 2291 , 1180.64 
 2292 , 1188.4 
 2293 , 1149.68 
 2294 , 1129.96 
 2295 , 1156.06 
 2296 , 1158.84 
 2297 , 1188.44 
 2298 , 1344.3 
 2299 , 1500.69 
 2300 , 1544.19 
 2301 , 1534.57 
 2302 , 1481.41 
 2303 , 1342.84 
 2304 , 1182.3 
 2305 , 1084.84 
 2306 , 1072.24 
 2307 , 1111.12 
 2308 , 1125.12 
 2309 , 1122.52 
 2310 , 1136.61 
 2311 , 1129.55 
 2312 , 1096.89 
 2313 , 1100.16 
 2314 , 1132.07 
 2315 , 1147.02 
 2316 , 1146.36 
 2317 , 1133.36 
 2318 , 1092.42 
 2319 , 1032.38 
 2320 , 980.71 
 2321 , 950.25 
 2322 , 940.39 
 2323 , 932.66 
 2324 , 929.73 
 2325 , 955.01 
 2326 , 1015.25 
 2327 , 1095.63 
 2328 , 1144.68 
 2329 , 1154.76 
 2330 , 1169.45 
 2331 , 1168.49 
 2332 , 1122.9 
 2333 , 1088.3 
 2334 , 1086.81 
 2335 , 1075.21 
 2336 , 1071.44 
 2337 , 1115.62 
 2338 , 1175.77 
 2339 , 1213.92 
