09-20-2023,19:04:12
Wavenumber(cm-1),Intensity
 250 , 3780.88 
 251 , 3780.88 
 252 , 3752.07 
 253 , 3729.05 
 254 , 3710.64 
 255 , 3695.02 
 256 , 3681.67 
 257 , 3671.24 
 258 , 3663.78 
 259 , 3656.37 
 260 , 3645.86 
 261 , 3633.78 
 262 , 3625.09 
 263 , 3622.01 
 264 , 3619.56 
 265 , 3612.09 
 266 , 3598.84 
 267 , 3582.89 
 268 , 3565.73 
 269 , 3545.87 
 270 , 3522.46 
 271 , 3498.72 
 272 , 3480.69 
 273 , 3471.48 
 274 , 3466.98 
 275 , 3461.85 
 276 , 3454.72 
 277 , 3448.36 
 278 , 3444.62 
 279 , 3441.62 
 280 , 3436.11 
 281 , 3427.46 
 282 , 3419.75 
 283 , 3417.32 
 284 , 3419.99 
 285 , 3425.06 
 286 , 3430.49 
 287 , 3435.49 
 288 , 3439.07 
 289 , 3441.27 
 290 , 3443.81 
 291 , 3447.65 
 292 , 3450.23 
 293 , 3447.87 
 294 , 3440.18 
 295 , 3430.57 
 296 , 3422.16 
 297 , 3414.14 
 298 , 3403.98 
 299 , 3392.53 
 300 , 3384.86 
 301 , 3384.53 
 302 , 3388.22 
 303 , 3390.93 
 304 , 3391.96 
 305 , 3394.8 
 306 , 3401.61 
 307 , 3408.96 
 308 , 3412.27 
 309 , 3411.04 
 310 , 3408.53 
 311 , 3406.92 
 312 , 3403.95 
 313 , 3396.65 
 314 , 3387.44 
 315 , 3383.79 
 316 , 3390.28 
 317 , 3400.02 
 318 , 3403.77 
 319 , 3400.57 
 320 , 3397.43 
 321 , 3398.93 
 322 , 3399.24 
 323 , 3390.5 
 324 , 3374.15 
 325 , 3360.43 
 326 , 3356.26 
 327 , 3356.17 
 328 , 3352.26 
 329 , 3343.47 
 330 , 3334.77 
 331 , 3329.9 
 332 , 3328.2 
 333 , 3328.07 
 334 , 3329.28 
 335 , 3332.74 
 336 , 3338.73 
 337 , 3345.7 
 338 , 3351.63 
 339 , 3355.68 
 340 , 3358.46 
 341 , 3360.9 
 342 , 3362.87 
 343 , 3363.12 
 344 , 3360.2 
 345 , 3353.58 
 346 , 3344.42 
 347 , 3335.62 
 348 , 3329.3 
 349 , 3325.71 
 350 , 3324.95 
 351 , 3328.75 
 352 , 3337.43 
 353 , 3348.46 
 354 , 3357.85 
 355 , 3362.73 
 356 , 3362.84 
 357 , 3359.23 
 358 , 3350.74 
 359 , 3338.06 
 360 , 3326.27 
 361 , 3320.15 
 362 , 3315.86 
 363 , 3305.73 
 364 , 3289.52 
 365 , 3275.42 
 366 , 3269.98 
 367 , 3269.33 
 368 , 3266.1 
 369 , 3260.36 
 370 , 3259.68 
 371 , 3268.68 
 372 , 3281.3 
 373 , 3289.48 
 374 , 3291.87 
 375 , 3292.18 
 376 , 3292.96 
 377 , 3292.83 
 378 , 3289.97 
 379 , 3287.5 
 380 , 3291.73 
 381 , 3304.43 
 382 , 3317.82 
 383 , 3324.06 
 384 , 3324.42 
 385 , 3324.67 
 386 , 3326.2 
 387 , 3322.9 
 388 , 3309.47 
 389 , 3290.69 
 390 , 3275.34 
 391 , 3267.65 
 392 , 3265.5 
 393 , 3266.46 
 394 , 3268.89 
 395 , 3271.49 
 396 , 3275.43 
 397 , 3284.61 
 398 , 3301.58 
 399 , 3322.16 
 400 , 3340.58 
 401 , 3354.25 
 402 , 3363.91 
 403 , 3370.09 
 404 , 3371.2 
 405 , 3365.35 
 406 , 3355.58 
 407 , 3349.17 
 408 , 3350.82 
 409 , 3357 
 410 , 3362.63 
 411 , 3364.5 
 412 , 3361.19 
 413 , 3352.72 
 414 , 3339.75 
 415 , 3322.21 
 416 , 3301.35 
 417 , 3280.17 
 418 , 3262.89 
 419 , 3252.13 
 420 , 3247.7 
 421 , 3245.86 
 422 , 3243.32 
 423 , 3241.01 
 424 , 3242.19 
 425 , 3248.26 
 426 , 3257.64 
 427 , 3268.49 
 428 , 3278.36 
 429 , 3283.81 
 430 , 3283.19 
 431 , 3279.3 
 432 , 3274.7 
 433 , 3270.33 
 434 , 3267.02 
 435 , 3266.39 
 436 , 3269.23 
 437 , 3274.99 
 438 , 3282.5 
 439 , 3291.24 
 440 , 3301.3 
 441 , 3312.36 
 442 , 3323.69 
 443 , 3335.26 
 444 , 3347.05 
 445 , 3357.87 
 446 , 3365.85 
 447 , 3370.26 
 448 , 3372.19 
 449 , 3371.77 
 450 , 3368.18 
 451 , 3361.88 
 452 , 3355.04 
 453 , 3349.44 
 454 , 3344.31 
 455 , 3335.96 
 456 , 3321.53 
 457 , 3302.79 
 458 , 3285.9 
 459 , 3274.83 
 460 , 3268.03 
 461 , 3263.64 
 462 , 3261.98 
 463 , 3264.52 
 464 , 3270.87 
 465 , 3276.08 
 466 , 3275.17 
 467 , 3268.51 
 468 , 3259.82 
 469 , 3251.16 
 470 , 3241.26 
 471 , 3229.04 
 472 , 3218.19 
 473 , 3214.66 
 474 , 3219.38 
 475 , 3225.98 
 476 , 3228.88 
 477 , 3229.21 
 478 , 3230.03 
 479 , 3231.88 
 480 , 3232.86 
 481 , 3232.17 
 482 , 3232.3 
 483 , 3236.03 
 484 , 3244.34 
 485 , 3257.38 
 486 , 3273.48 
 487 , 3287.62 
 488 , 3295.3 
 489 , 3297.23 
 490 , 3295.97 
 491 , 3293.01 
 492 , 3288.66 
 493 , 3282.92 
 494 , 3274.84 
 495 , 3263.53 
 496 , 3251.06 
 497 , 3241.45 
 498 , 3236.07 
 499 , 3231.39 
 500 , 3224.37 
 501 , 3217.99 
 502 , 3217.19 
 503 , 3220.96 
 504 , 3221.94 
 505 , 3215.37 
 506 , 3205.92 
 507 , 3199.61 
 508 , 3197 
 509 , 3195.27 
 510 , 3193.6 
 511 , 3194.78 
 512 , 3200.95 
 513 , 3208.6 
 514 , 3212.43 
 515 , 3210.18 
 516 , 3202.3 
 517 , 3189.95 
 518 , 3177.02 
 519 , 3167.94 
 520 , 3163.77 
 521 , 3163.18 
 522 , 3165.48 
 523 , 3171.68 
 524 , 3182.22 
 525 , 3192 
 526 , 3194.11 
 527 , 3187.21 
 528 , 3175.7 
 529 , 3163.92 
 530 , 3153.77 
 531 , 3146.28 
 532 , 3142.65 
 533 , 3144.53 
 534 , 3151.17 
 535 , 3158.12 
 536 , 3161.55 
 537 , 3161.66 
 538 , 3159.8 
 539 , 3157.55 
 540 , 3156.48 
 541 , 3157.86 
 542 , 3162.7 
 543 , 3171.57 
 544 , 3183.08 
 545 , 3195.28 
 546 , 3206.52 
 547 , 3215.14 
 548 , 3219.83 
 549 , 3221.05 
 550 , 3219.9 
 551 , 3217.34 
 552 , 3213.57 
 553 , 3208.2 
 554 , 3201.58 
 555 , 3195.45 
 556 , 3191.49 
 557 , 3189.9 
 558 , 3189.66 
 559 , 3190.27 
 560 , 3192.28 
 561 , 3195.42 
 562 , 3198.45 
 563 , 3200.41 
 564 , 3201.02 
 565 , 3200.83 
 566 , 3200.8 
 567 , 3201.16 
 568 , 3200.68 
 569 , 3198.39 
 570 , 3195.52 
 571 , 3193.97 
 572 , 3194.06 
 573 , 3194.61 
 574 , 3194.99 
 575 , 3195.31 
 576 , 3194.73 
 577 , 3190.77 
 578 , 3181.68 
 579 , 3168.12 
 580 , 3151.74 
 581 , 3132.48 
 582 , 3110.81 
 583 , 3089.54 
 584 , 3072.73 
 585 , 3063.15 
 586 , 3060.37 
 587 , 3061.52 
 588 , 3065.73 
 589 , 3074.64 
 590 , 3088.65 
 591 , 3104.37 
 592 , 3116.98 
 593 , 3124.44 
 594 , 3128.49 
 595 , 3130.25 
 596 , 3128.86 
 597 , 3123.6 
 598 , 3116.8 
 599 , 3112.8 
 600 , 3113.8 
 601 , 3118.01 
 602 , 3123.58 
 603 , 3128.85 
 604 , 3131.95 
 605 , 3132.81 
 606 , 3133.18 
 607 , 3133.93 
 608 , 3134.11 
 609 , 3133.18 
 610 , 3133.14 
 611 , 3136.79 
 612 , 3143.46 
 613 , 3149.05 
 614 , 3151.74 
 615 , 3155.54 
 616 , 3164.48 
 617 , 3178.02 
 618 , 3193.62 
 619 , 3208.28 
 620 , 3218.77 
 621 , 3223.28 
 622 , 3223.87 
 623 , 3222.85 
 624 , 3219.28 
 625 , 3210.59 
 626 , 3198.17 
 627 , 3188.45 
 628 , 3185.12 
 629 , 3182.09 
 630 , 3172.44 
 631 , 3159.81 
 632 , 3153.29 
 633 , 3155.12 
 634 , 3159.13 
 635 , 3161.08 
 636 , 3164.01 
 637 , 3171.49 
 638 , 3180.39 
 639 , 3184.63 
 640 , 3183.86 
 641 , 3183.81 
 642 , 3190.28 
 643 , 3208.94 
 644 , 3244.07 
 645 , 3290.13 
 646 , 3337.35 
 647 , 3377.62 
 648 , 3404.71 
 649 , 3414.34 
 650 , 3406.42 
 651 , 3382.15 
 652 , 3347.05 
 653 , 3308.35 
 654 , 3271.96 
 655 , 3242.51 
 656 , 3221.84 
 657 , 3206.13 
 658 , 3191.49 
 659 , 3177.51 
 660 , 3164.92 
 661 , 3155.37 
 662 , 3151.15 
 663 , 3151.29 
 664 , 3148.97 
 665 , 3139.86 
 666 , 3132.79 
 667 , 3138.93 
 668 , 3153.87 
 669 , 3163.28 
 670 , 3161.96 
 671 , 3158.31 
 672 , 3158.9 
 673 , 3160.51 
 674 , 3158.65 
 675 , 3155.4 
 676 , 3156.05 
 677 , 3161.97 
 678 , 3170.28 
 679 , 3178.09 
 680 , 3182.39 
 681 , 3180.86 
 682 , 3177.49 
 683 , 3178.68 
 684 , 3183.8 
 685 , 3185.7 
 686 , 3179.91 
 687 , 3167.59 
 688 , 3150.76 
 689 , 3132.8 
 690 , 3117.61 
 691 , 3107.69 
 692 , 3104.27 
 693 , 3105.38 
 694 , 3104.67 
 695 , 3097.4 
 696 , 3085.43 
 697 , 3071.89 
 698 , 3059.06 
 699 , 3048.9 
 700 , 3044.55 
 701 , 3050.53 
 702 , 3068.28 
 703 , 3091.28 
 704 , 3112.65 
 705 , 3130.29 
 706 , 3143.74 
 707 , 3152.68 
 708 , 3157.08 
 709 , 3157.33 
 710 , 3154.19 
 711 , 3148.65 
 712 , 3142.82 
 713 , 3138.82 
 714 , 3135.69 
 715 , 3130.71 
 716 , 3124.27 
 717 , 3120.76 
 718 , 3123.34 
 719 , 3131.08 
 720 , 3142.43 
 721 , 3156.54 
 722 , 3172.72 
 723 , 3190.71 
 724 , 3210.8 
 725 , 3233.57 
 726 , 3259.14 
 727 , 3286.44 
 728 , 3312.7 
 729 , 3335.63 
 730 , 3354.44 
 731 , 3368.05 
 732 , 3373.92 
 733 , 3369.76 
 734 , 3356.78 
 735 , 3340.71 
 736 , 3325.57 
 737 , 3307.67 
 738 , 3282.01 
 739 , 3251.55 
 740 , 3224.31 
 741 , 3204.04 
 742 , 3188.73 
 743 , 3177.22 
 744 , 3172.21 
 745 , 3176.28 
 746 , 3186.2 
 747 , 3196.54 
 748 , 3205.24 
 749 , 3213.15 
 750 , 3219.57 
 751 , 3221.36 
 752 , 3216.15 
 753 , 3204.02 
 754 , 3185.87 
 755 , 3165.76 
 756 , 3149.17 
 757 , 3137.89 
 758 , 3130.03 
 759 , 3124.84 
 760 , 3124.31 
 761 , 3129.82 
 762 , 3138.03 
 763 , 3144.43 
 764 , 3148.13 
 765 , 3150.84 
 766 , 3153.89 
 767 , 3156.76 
 768 , 3157.63 
 769 , 3155.55 
 770 , 3151.73 
 771 , 3148.03 
 772 , 3144.45 
 773 , 3140.02 
 774 , 3135.52 
 775 , 3133.46 
 776 , 3135.01 
 777 , 3138.26 
 778 , 3140.02 
 779 , 3139.63 
 780 , 3140.84 
 781 , 3146.9 
 782 , 3155.14 
 783 , 3160.39 
 784 , 3161.53 
 785 , 3161.46 
 786 , 3161.21 
 787 , 3157.74 
 788 , 3149.04 
 789 , 3139.8 
 790 , 3136.06 
 791 , 3138.35 
 792 , 3144.2 
 793 , 3151.77 
 794 , 3159.69 
 795 , 3166.3 
 796 , 3170.21 
 797 , 3170.77 
 798 , 3167.73 
 799 , 3160.92 
 800 , 3154.73 
 801 , 3155.98 
 802 , 3164.28 
 803 , 3171.82 
 804 , 3175.29 
 805 , 3180.41 
 806 , 3190.57 
 807 , 3196.91 
 808 , 3189.87 
 809 , 3175.65 
 810 , 3167.27 
 811 , 3169.08 
 812 , 3177.86 
 813 , 3191.11 
 814 , 3207.89 
 815 , 3226.83 
 816 , 3243.04 
 817 , 3251.22 
 818 , 3252.14 
 819 , 3249.83 
 820 , 3253.49 
 821 , 3275.83 
 822 , 3316.4 
 823 , 3356.35 
 824 , 3381.82 
 825 , 3395.32 
 826 , 3399.84 
 827 , 3386.9 
 828 , 3345.98 
 829 , 3289.43 
 830 , 3243.16 
 831 , 3216.16 
 832 , 3198.53 
 833 , 3184.54 
 834 , 3177.17 
 835 , 3177.66 
 836 , 3179.45 
 837 , 3176.13 
 838 , 3170.27 
 839 , 3167.24 
 840 , 3166.77 
 841 , 3165.19 
 842 , 3162.65 
 843 , 3163.69 
 844 , 3170.7 
 845 , 3180.2 
 846 , 3188.63 
 847 , 3196.96 
 848 , 3207.32 
 849 , 3217.77 
 850 , 3223.94 
 851 , 3224.48 
 852 , 3221.73 
 853 , 3218.66 
 854 , 3218.18 
 855 , 3221.02 
 856 , 3222.11 
 857 , 3216.37 
 858 , 3204.02 
 859 , 3187.08 
 860 , 3169.61 
 861 , 3157.74 
 862 , 3153.05 
 863 , 3150.37 
 864 , 3145.81 
 865 , 3140.92 
 866 , 3137.87 
 867 , 3135.31 
 868 , 3130.83 
 869 , 3127.56 
 870 , 3131.61 
 871 , 3142.94 
 872 , 3155.91 
 873 , 3165.79 
 874 , 3169.62 
 875 , 3167.14 
 876 , 3164.23 
 877 , 3166.95 
 878 , 3178.48 
 879 , 3200.16 
 880 , 3225.57 
 881 , 3245.09 
 882 , 3255.3 
 883 , 3257.58 
 884 , 3251.54 
 885 , 3234.13 
 886 , 3206.08 
 887 , 3178.08 
 888 , 3160.13 
 889 , 3152.03 
 890 , 3150.97 
 891 , 3154.69 
 892 , 3160.8 
 893 , 3166.23 
 894 , 3167.89 
 895 , 3165.57 
 896 , 3161.99 
 897 , 3158.66 
 898 , 3155.5 
 899 , 3153.12 
 900 , 3153.09 
 901 , 3156.3 
 902 , 3160.6 
 903 , 3163.38 
 904 , 3166.38 
 905 , 3173.85 
 906 , 3186.22 
 907 , 3199.95 
 908 , 3212.82 
 909 , 3224.24 
 910 , 3233.33 
 911 , 3241.02 
 912 , 3249.44 
 913 , 3258.87 
 914 , 3268.04 
 915 , 3277.36 
 916 , 3289.4 
 917 , 3303.07 
 918 , 3312.32 
 919 , 3314.63 
 920 , 3314.95 
 921 , 3317.16 
 922 , 3318.47 
 923 , 3315.87 
 924 , 3313.2 
 925 , 3315.78 
 926 , 3320.78 
 927 , 3321.09 
 928 , 3314.35 
 929 , 3302.62 
 930 , 3287.19 
 931 , 3267.1 
 932 , 3241.99 
 933 , 3215 
 934 , 3189.83 
 935 , 3167.42 
 936 , 3148.13 
 937 , 3135.44 
 938 , 3133.63 
 939 , 3140.93 
 940 , 3151.84 
 941 , 3161.24 
 942 , 3164.75 
 943 , 3161.89 
 944 , 3157.51 
 945 , 3155.12 
 946 , 3153.48 
 947 , 3150.96 
 948 , 3148.54 
 949 , 3147.77 
 950 , 3148.09 
 951 , 3147.91 
 952 , 3144.95 
 953 , 3136.95 
 954 , 3126.5 
 955 , 3120.5 
 956 , 3121.31 
 957 , 3124.85 
 958 , 3129.13 
 959 , 3137.34 
 960 , 3151.51 
 961 , 3166.92 
 962 , 3177.43 
 963 , 3178.6 
 964 , 3167.44 
 965 , 3147.43 
 966 , 3125.54 
 967 , 3106.03 
 968 , 3090.88 
 969 , 3081.45 
 970 , 3077.98 
 971 , 3080.14 
 972 , 3086.87 
 973 , 3096.51 
 974 , 3106.02 
 975 , 3113.06 
 976 , 3118.18 
 977 , 3122.18 
 978 , 3123.69 
 979 , 3120.92 
 980 , 3115.37 
 981 , 3110.78 
 982 , 3108.6 
 983 , 3107.9 
 984 , 3108.37 
 985 , 3110.65 
 986 , 3115.54 
 987 , 3124.06 
 988 , 3136.58 
 989 , 3150.26 
 990 , 3161.76 
 991 , 3170.46 
 992 , 3176.82 
 993 , 3179.88 
 994 , 3177.71 
 995 , 3172.74 
 996 , 3171.83 
 997 , 3179.31 
 998 , 3195.21 
 999 , 3217.76 
 1000 , 3242.31 
 1001 , 3264.04 
 1002 , 3279.31 
 1003 , 3284.94 
 1004 , 3277.65 
 1005 , 3255.01 
 1006 , 3224.13 
 1007 , 3196.3 
 1008 , 3175.49 
 1009 , 3160.19 
 1010 , 3150.25 
 1011 , 3147.61 
 1012 , 3152.51 
 1013 , 3161.7 
 1014 , 3170.77 
 1015 , 3174.53 
 1016 , 3170.51 
 1017 , 3163.32 
 1018 , 3157.12 
 1019 , 3149.15 
 1020 , 3136.27 
 1021 , 3125.61 
 1022 , 3127.35 
 1023 , 3138.11 
 1024 , 3146.48 
 1025 , 3151.16 
 1026 , 3159.85 
 1027 , 3172.29 
 1028 , 3177.71 
 1029 , 3172.51 
 1030 , 3166.99 
 1031 , 3167.45 
 1032 , 3167.02 
 1033 , 3159.85 
 1034 , 3150.73 
 1035 , 3145 
 1036 , 3139.58 
 1037 , 3129.86 
 1038 , 3118.92 
 1039 , 3112.56 
 1040 , 3110.24 
 1041 , 3107.52 
 1042 , 3104.1 
 1043 , 3103.4 
 1044 , 3105.94 
 1045 , 3108.45 
 1046 , 3108.95 
 1047 , 3108.13 
 1048 , 3106.28 
 1049 , 3102.14 
 1050 , 3094.85 
 1051 , 3086.07 
 1052 , 3077.92 
 1053 , 3071.4 
 1054 , 3067.16 
 1055 , 3066.21 
 1056 , 3069.9 
 1057 , 3080.93 
 1058 , 3102.63 
 1059 , 3130.99 
 1060 , 3154.94 
 1061 , 3168.43 
 1062 , 3172.61 
 1063 , 3168.16 
 1064 , 3153.98 
 1065 , 3131.76 
 1066 , 3110.66 
 1067 , 3098.43 
 1068 , 3093.32 
 1069 , 3091.52 
 1070 , 3089.8 
 1071 , 3085.61 
 1072 , 3080.15 
 1073 , 3076.07 
 1074 , 3074.06 
 1075 , 3073.7 
 1076 , 3075.98 
 1077 , 3082.93 
 1078 , 3093.14 
 1079 , 3101.51 
 1080 , 3106.74 
 1081 , 3113.33 
 1082 , 3122.85 
 1083 , 3130.06 
 1084 , 3131.7 
 1085 , 3131.97 
 1086 , 3134.69 
 1087 , 3137.6 
 1088 , 3137.79 
 1089 , 3136.01 
 1090 , 3133.93 
 1091 , 3132.95 
 1092 , 3134.35 
 1093 , 3137.05 
 1094 , 3138.45 
 1095 , 3138.81 
 1096 , 3140.94 
 1097 , 3144.56 
 1098 , 3145.8 
 1099 , 3143.81 
 1100 , 3142.62 
 1101 , 3144.52 
 1102 , 3147.49 
 1103 , 3149.76 
 1104 , 3151.86 
 1105 , 3154.27 
 1106 , 3155.63 
 1107 , 3154.15 
 1108 , 3148.73 
 1109 , 3138.92 
 1110 , 3125.98 
 1111 , 3111.65 
 1112 , 3097.59 
 1113 , 3085.31 
 1114 , 3076.16 
 1115 , 3071.61 
 1116 , 3071.57 
 1117 , 3074.06 
 1118 , 3077.87 
 1119 , 3083.4 
 1120 , 3091.06 
 1121 , 3100.33 
 1122 , 3109.23 
 1123 , 3114.33 
 1124 , 3114.39 
 1125 , 3112.68 
 1126 , 3111.93 
 1127 , 3111.96 
 1128 , 3112.69 
 1129 , 3116.4 
 1130 , 3124.81 
 1131 , 3134.05 
 1132 , 3139.21 
 1133 , 3140.49 
 1134 , 3140.12 
 1135 , 3138.1 
 1136 , 3133.19 
 1137 , 3127.12 
 1138 , 3123.69 
 1139 , 3124.03 
 1140 , 3127.09 
 1141 , 3133.09 
 1142 , 3143.39 
 1143 , 3155.85 
 1144 , 3163.89 
 1145 , 3165.42 
 1146 , 3165.63 
 1147 , 3167.93 
 1148 , 3172.02 
 1149 , 3179.18 
 1150 , 3193.63 
 1151 , 3216.88 
 1152 , 3243.19 
 1153 , 3266.98 
 1154 , 3285.8 
 1155 , 3297.88 
 1156 , 3304.52 
 1157 , 3308.13 
 1158 , 3307.24 
 1159 , 3299.05 
 1160 , 3286.93 
 1161 , 3277.29 
 1162 , 3269.84 
 1163 , 3259.93 
 1164 , 3248.8 
 1165 , 3242.61 
 1166 , 3243.39 
 1167 , 3248.19 
 1168 , 3252.74 
 1169 , 3252.53 
 1170 , 3244.41 
 1171 , 3226.03 
 1172 , 3198.07 
 1173 , 3167.5 
 1174 , 3142.2 
 1175 , 3129.5 
 1176 , 3133.07 
 1177 , 3148.29 
 1178 , 3167.8 
 1179 , 3179.22 
 1180 , 3173.42 
 1181 , 3159.32 
 1182 , 3148.35 
 1183 , 3139.57 
 1184 , 3129.27 
 1185 , 3123.28 
 1186 , 3129.46 
 1187 , 3139.79 
 1188 , 3140.06 
 1189 , 3133 
 1190 , 3130.63 
 1191 , 3134.28 
 1192 , 3137.33 
 1193 , 3137.48 
 1194 , 3137.44 
 1195 , 3138.03 
 1196 , 3136.34 
 1197 , 3132.57 
 1198 , 3132.77 
 1199 , 3137.57 
 1200 , 3137.56 
 1201 , 3128.91 
 1202 , 3120.94 
 1203 , 3120.65 
 1204 , 3124.77 
 1205 , 3128.49 
 1206 , 3130 
 1207 , 3130.27 
 1208 , 3132.4 
 1209 , 3137.02 
 1210 , 3141.38 
 1211 , 3145.76 
 1212 , 3155.97 
 1213 , 3174.22 
 1214 , 3190.56 
 1215 , 3195.32 
 1216 , 3187.39 
 1217 , 3168.13 
 1218 , 3146.51 
 1219 , 3133.85 
 1220 , 3130.52 
 1221 , 3132.3 
 1222 , 3138.86 
 1223 , 3150.8 
 1224 , 3160.57 
 1225 , 3157.49 
 1226 , 3146.77 
 1227 , 3143.29 
 1228 , 3149.23 
 1229 , 3157.24 
 1230 , 3165.74 
 1231 , 3178.17 
 1232 , 3192.26 
 1233 , 3199.38 
 1234 , 3195.45 
 1235 , 3183.09 
 1236 , 3167.44 
 1237 , 3155.01 
 1238 , 3147.91 
 1239 , 3143.06 
 1240 , 3139.26 
 1241 , 3136.99 
 1242 , 3135.42 
 1243 , 3133.9 
 1244 , 3132.44 
 1245 , 3128.48 
 1246 , 3119.64 
 1247 , 3110.38 
 1248 , 3106.48 
 1249 , 3108.42 
 1250 , 3113.75 
 1251 , 3119.02 
 1252 , 3123.22 
 1253 , 3130.2 
 1254 , 3142.04 
 1255 , 3153.8 
 1256 , 3161.2 
 1257 , 3167.51 
 1258 , 3176.09 
 1259 , 3180.37 
 1260 , 3172.13 
 1261 , 3156.94 
 1262 , 3145.6 
 1263 , 3140.56 
 1264 , 3139.79 
 1265 , 3143.65 
 1266 , 3154.34 
 1267 , 3168.23 
 1268 , 3177.52 
 1269 , 3180.48 
 1270 , 3180.46 
 1271 , 3180.35 
 1272 , 3181.64 
 1273 , 3183.65 
 1274 , 3184.56 
 1275 , 3181.94 
 1276 , 3172.91 
 1277 , 3158.57 
 1278 , 3143.58 
 1279 , 3131.2 
 1280 , 3123.38 
 1281 , 3121.13 
 1282 , 3124.52 
 1283 , 3133.36 
 1284 , 3146.77 
 1285 , 3162.58 
 1286 , 3177.48 
 1287 , 3190.94 
 1288 , 3205.61 
 1289 , 3220.55 
 1290 , 3230.3 
 1291 , 3232.18 
 1292 , 3227.61 
 1293 , 3218.36 
 1294 , 3206.84 
 1295 , 3196.06 
 1296 , 3189.72 
 1297 , 3189.46 
 1298 , 3191.87 
 1299 , 3193.43 
 1300 , 3192.92 
 1301 , 3189.98 
 1302 , 3184.28 
 1303 , 3176.41 
 1304 , 3170.98 
 1305 , 3171.99 
 1306 , 3178.13 
 1307 , 3187.18 
 1308 , 3198.52 
 1309 , 3211.25 
 1310 , 3221.43 
 1311 , 3225.52 
 1312 , 3224.63 
 1313 , 3222.26 
 1314 , 3226.74 
 1315 , 3244.02 
 1316 , 3264.53 
 1317 , 3277.6 
 1318 , 3287.51 
 1319 , 3299.58 
 1320 , 3301.39 
 1321 , 3280.14 
 1322 , 3251.84 
 1323 , 3238.3 
 1324 , 3238.31 
 1325 , 3243.36 
 1326 , 3250.9 
 1327 , 3260.95 
 1328 , 3274.45 
 1329 , 3291.44 
 1330 , 3304.93 
 1331 , 3307.18 
 1332 , 3304.58 
 1333 , 3308.97 
 1334 , 3328.08 
 1335 , 3365.3 
 1336 , 3402.27 
 1337 , 3413.04 
 1338 , 3397.8 
 1339 , 3368.94 
 1340 , 3327.51 
 1341 , 3270.36 
 1342 , 3213.71 
 1343 , 3182.35 
 1344 , 3177.84 
 1345 , 3188.33 
 1346 , 3201.55 
 1347 , 3206.65 
 1348 , 3208.08 
 1349 , 3217.95 
 1350 , 3232.48 
 1351 , 3239.06 
 1352 , 3236.73 
 1353 , 3231.65 
 1354 , 3225.11 
 1355 , 3215.61 
 1356 , 3206.51 
 1357 , 3204 
 1358 , 3207.54 
 1359 , 3212.01 
 1360 , 3212.65 
 1361 , 3205.37 
 1362 , 3190.89 
 1363 , 3173.5 
 1364 , 3158.83 
 1365 , 3152.95 
 1366 , 3155.48 
 1367 , 3161.57 
 1368 , 3169.98 
 1369 , 3181.73 
 1370 , 3190.45 
 1371 , 3185.23 
 1372 , 3171.76 
 1373 , 3167.55 
 1374 , 3173.29 
 1375 , 3176.92 
 1376 , 3176.5 
 1377 , 3177.73 
 1378 , 3177.72 
 1379 , 3167.37 
 1380 , 3148.76 
 1381 , 3132.51 
 1382 , 3122.34 
 1383 , 3116.41 
 1384 , 3113.92 
 1385 , 3114.87 
 1386 , 3118.67 
 1387 , 3124.23 
 1388 , 3128.38 
 1389 , 3126.7 
 1390 , 3120.39 
 1391 , 3114.93 
 1392 , 3113.8 
 1393 , 3118.82 
 1394 , 3128.42 
 1395 , 3138.23 
 1396 , 3146.84 
 1397 , 3155.36 
 1398 , 3162.19 
 1399 , 3163.75 
 1400 , 3162.17 
 1401 , 3163.91 
 1402 , 3172.4 
 1403 , 3188.49 
 1404 , 3208.99 
 1405 , 3227.67 
 1406 , 3242.72 
 1407 , 3255.71 
 1408 , 3265.65 
 1409 , 3269.55 
 1410 , 3267.93 
 1411 , 3264.07 
 1412 , 3259.62 
 1413 , 3255.05 
 1414 , 3253.49 
 1415 , 3259.5 
 1416 , 3269.05 
 1417 , 3272.81 
 1418 , 3271.39 
 1419 , 3271.44 
 1420 , 3269.81 
 1421 , 3258.02 
 1422 , 3242.31 
 1423 , 3236.85 
 1424 , 3237.15 
 1425 , 3229.88 
 1426 , 3232.91 
 1427 , 3278.11 
 1428 , 3347.24 
 1429 , 3396.93 
 1430 , 3423.63 
 1431 , 3443.44 
 1432 , 3443.88 
 1433 , 3401.69 
 1434 , 3337.74 
 1435 , 3291.92 
 1436 , 3269.08 
 1437 , 3257.24 
 1438 , 3250.21 
 1439 , 3244.83 
 1440 , 3239.78 
 1441 , 3234.85 
 1442 , 3231.82 
 1443 , 3232.61 
 1444 , 3234.54 
 1445 , 3233.81 
 1446 , 3231.81 
 1447 , 3231.38 
 1448 , 3231.27 
 1449 , 3228.7 
 1450 , 3222.05 
 1451 , 3211.29 
 1452 , 3200.25 
 1453 , 3192.81 
 1454 , 3188.26 
 1455 , 3185.64 
 1456 , 3188.77 
 1457 , 3200.22 
 1458 , 3211.08 
 1459 , 3212.32 
 1460 , 3208.09 
 1461 , 3204.02 
 1462 , 3196.71 
 1463 , 3182.21 
 1464 , 3163.92 
 1465 , 3146.11 
 1466 , 3129.06 
 1467 , 3112.98 
 1468 , 3102.35 
 1469 , 3101.11 
 1470 , 3107.56 
 1471 , 3117.1 
 1472 , 3120.29 
 1473 , 3111.21 
 1474 , 3096.62 
 1475 , 3082.47 
 1476 , 3065.79 
 1477 , 3046.57 
 1478 , 3037.26 
 1479 , 3043.46 
 1480 , 3049.27 
 1481 , 3043.94 
 1482 , 3035.98 
 1483 , 3032.41 
 1484 , 3030.34 
 1485 , 3026.52 
 1486 , 3021.4 
 1487 , 3016.87 
 1488 , 3014.21 
 1489 , 3011.59 
 1490 , 3004.66 
 1491 , 2994.97 
 1492 , 2990.95 
 1493 , 2993.82 
 1494 , 2996.18 
 1495 , 2995.42 
 1496 , 2994.39 
 1497 , 2994.59 
 1498 , 2996.29 
 1499 , 2999.75 
 1500 , 3004.77 
 1501 , 3011.68 
 1502 , 3021.89 
 1503 , 3034.37 
 1504 , 3045.37 
 1505 , 3052.85 
 1506 , 3056.68 
 1507 , 3056.26 
 1508 , 3050.48 
 1509 , 3041.24 
 1510 , 3032.3 
 1511 , 3024.26 
 1512 , 3015.77 
 1513 , 3005.75 
 1514 , 2993.5 
 1515 , 2978.18 
 1516 , 2959.33 
 1517 , 2943.04 
 1518 , 2936.47 
 1519 , 2932.46 
 1520 , 2920.34 
 1521 , 2905.46 
 1522 , 2897.46 
 1523 , 2894.92 
 1524 , 2894.57 
 1525 , 2903.23 
 1526 , 2927.26 
 1527 , 2957.42 
 1528 , 2981.92 
 1529 , 2996.52 
 1530 , 3000 
 1531 , 2993.16 
 1532 , 2977.47 
 1533 , 2957.17 
 1534 , 2937.37 
 1535 , 2923 
 1536 , 2918.62 
 1537 , 2929.08 
 1538 , 2953.74 
 1539 , 2980.2 
 1540 , 2998.87 
 1541 , 3008 
 1542 , 3006.95 
 1543 , 2995.48 
 1544 , 2978.9 
 1545 , 2970.47 
 1546 , 2976.97 
 1547 , 2995.75 
 1548 , 3022.05 
 1549 , 3049.73 
 1550 , 3069.94 
 1551 , 3071.05 
 1552 , 3054.01 
 1553 , 3031.78 
 1554 , 3011.43 
 1555 , 2994.76 
 1556 , 2989.71 
 1557 , 3007.06 
 1558 , 3033.21 
 1559 , 3041.95 
 1560 , 3037.91 
 1561 , 3040.47 
 1562 , 3046.53 
 1563 , 3044.05 
 1564 , 3036.29 
 1565 , 3031.21 
 1566 , 3025.74 
 1567 , 3013.93 
 1568 , 2995.77 
 1569 , 2974.89 
 1570 , 2962.75 
 1571 , 2968.28 
 1572 , 2981.31 
 1573 , 2990.79 
 1574 , 2998.74 
 1575 , 3007.84 
 1576 , 3014.89 
 1577 , 3017.67 
 1578 , 3019.1 
 1579 , 3021.22 
 1580 , 3022.58 
 1581 , 3023.12 
 1582 , 3025.79 
 1583 , 3030.76 
 1584 , 3033.27 
 1585 , 3032.94 
 1586 , 3036.15 
 1587 , 3044.04 
 1588 , 3050.66 
 1589 , 3055.08 
 1590 , 3061.95 
 1591 , 3066.21 
 1592 , 3054.15 
 1593 , 3030.96 
 1594 , 3017.32 
 1595 , 3019.66 
 1596 , 3033.66 
 1597 , 3057.16 
 1598 , 3088.56 
 1599 , 3117.06 
 1600 , 3127.99 
 1601 , 3116.19 
 1602 , 3084.25 
 1603 , 3055.9 
 1604 , 3056.52 
 1605 , 3072.12 
 1606 , 3081.81 
 1607 , 3097.14 
 1608 , 3128 
 1609 , 3139.5 
 1610 , 3104.58 
 1611 , 3060.49 
 1612 , 3038.69 
 1613 , 3016.02 
 1614 , 2979.37 
 1615 , 2962.72 
 1616 , 2983.92 
 1617 , 3014.13 
 1618 , 3033.64 
 1619 , 3048.02 
 1620 , 3058.28 
 1621 , 3055.85 
 1622 , 3037.63 
 1623 , 3007.67 
 1624 , 2975.32 
 1625 , 2955.61 
 1626 , 2949.7 
 1627 , 2945.34 
 1628 , 2940.84 
 1629 , 2943.38 
 1630 , 2952.03 
 1631 , 2960.14 
 1632 , 2964.32 
 1633 , 2963.48 
 1634 , 2956.43 
 1635 , 2941.91 
 1636 , 2921.93 
 1637 , 2900.21 
 1638 , 2879.36 
 1639 , 2861.22 
 1640 , 2847.9 
 1641 , 2839.95 
 1642 , 2831.53 
 1643 , 2819 
 1644 , 2809.73 
 1645 , 2809.63 
 1646 , 2816.01 
 1647 , 2825.58 
 1648 , 2835.17 
 1649 , 2842.1 
 1650 , 2846.25 
 1651 , 2844.45 
 1652 , 2827.87 
 1653 , 2800.75 
 1654 , 2784.2 
 1655 , 2783.03 
 1656 , 2783.92 
 1657 , 2786.02 
 1658 , 2799.25 
 1659 , 2812.23 
 1660 , 2799.62 
 1661 , 2768.9 
 1662 , 2746.21 
 1663 , 2733.9 
 1664 , 2722.92 
 1665 , 2716.85 
 1666 , 2723.19 
 1667 , 2733.82 
 1668 , 2736.72 
 1669 , 2737.49 
 1670 , 2746.95 
 1671 , 2766.48 
 1672 , 2791.08 
 1673 , 2810.81 
 1674 , 2818.35 
 1675 , 2809.22 
 1676 , 2782.5 
 1677 , 2748.63 
 1678 , 2716.97 
 1679 , 2690.5 
 1680 , 2675.31 
 1681 , 2682.46 
 1682 , 2706.75 
 1683 , 2724.52 
 1684 , 2730.38 
 1685 , 2735.81 
 1686 , 2735.15 
 1687 , 2711.61 
 1688 , 2674.4 
 1689 , 2647.85 
 1690 , 2634.67 
 1691 , 2627.09 
 1692 , 2629.9 
 1693 , 2650.19 
 1694 , 2674.96 
 1695 , 2687.54 
 1696 , 2689.92 
 1697 , 2688.48 
 1698 , 2683.79 
 1699 , 2675.92 
 1700 , 2667.12 
 1701 , 2658.1 
 1702 , 2645.73 
 1703 , 2628.83 
 1704 , 2610.86 
 1705 , 2594.41 
 1706 , 2579.44 
 1707 , 2567.99 
 1708 , 2565.91 
 1709 , 2571.77 
 1710 , 2575.02 
 1711 , 2576.68 
 1712 , 2589.26 
 1713 , 2607.03 
 1714 , 2610.84 
 1715 , 2606.14 
 1716 , 2612.13 
 1717 , 2622.69 
 1718 , 2621.49 
 1719 , 2614.21 
 1720 , 2611.72 
 1721 , 2604.05 
 1722 , 2580.38 
 1723 , 2554.46 
 1724 , 2540.68 
 1725 , 2534.72 
 1726 , 2530.78 
 1727 , 2528.19 
 1728 , 2525.88 
 1729 , 2521.09 
 1730 , 2514.32 
 1731 , 2511.98 
 1732 , 2519.22 
 1733 , 2538.29 
 1734 , 2564.14 
 1735 , 2583.54 
 1736 , 2591.33 
 1737 , 2590.74 
 1738 , 2583.97 
 1739 , 2572.2 
 1740 , 2557.93 
 1741 , 2544.16 
 1742 , 2530.34 
 1743 , 2513.8 
 1744 , 2491.22 
 1745 , 2463.21 
 1746 , 2450.57 
 1747 , 2471.38 
 1748 , 2506.14 
 1749 , 2533.1 
 1750 , 2553.84 
 1751 , 2567.98 
 1752 , 2559.5 
 1753 , 2524.15 
 1754 , 2486.08 
 1755 , 2462.29 
 1756 , 2452.07 
 1757 , 2451.12 
 1758 , 2452.51 
 1759 , 2456.62 
 1760 , 2472.4 
 1761 , 2496.64 
 1762 , 2514.53 
 1763 , 2523.52 
 1764 , 2529.8 
 1765 , 2529.36 
 1766 , 2514.06 
 1767 , 2491.47 
 1768 , 2473.93 
 1769 , 2461.63 
 1770 , 2451.76 
 1771 , 2441.12 
 1772 , 2426.51 
 1773 , 2414.44 
 1774 , 2412.52 
 1775 , 2418.25 
 1776 , 2427.87 
 1777 , 2442.54 
 1778 , 2461.7 
 1779 , 2478.29 
 1780 , 2484.02 
 1781 , 2472.34 
 1782 , 2449.99 
 1783 , 2436.33 
 1784 , 2430.79 
 1785 , 2416.87 
 1786 , 2402.9 
 1787 , 2411.22 
 1788 , 2430.69 
 1789 , 2436.6 
 1790 , 2438.77 
 1791 , 2455.5 
 1792 , 2470.78 
 1793 , 2464.57 
 1794 , 2446.95 
 1795 , 2430.26 
 1796 , 2409.15 
 1797 , 2381.96 
 1798 , 2365.02 
 1799 , 2367.03 
 1800 , 2375.75 
 1801 , 2383.51 
 1802 , 2394.14 
 1803 , 2410.25 
 1804 , 2431.39 
 1805 , 2452.75 
 1806 , 2465.4 
 1807 , 2465.13 
 1808 , 2452.42 
 1809 , 2432.7 
 1810 , 2414.34 
 1811 , 2404.94 
 1812 , 2410.43 
 1813 , 2428.24 
 1814 , 2451.33 
 1815 , 2467.16 
 1816 , 2465.73 
 1817 , 2454.22 
 1818 , 2441.44 
 1819 , 2427.74 
 1820 , 2413.32 
 1821 , 2402.57 
 1822 , 2402.63 
 1823 , 2423.26 
 1824 , 2459.11 
 1825 , 2485.2 
 1826 , 2498.2 
 1827 , 2517.4 
 1828 , 2536.77 
 1829 , 2531.33 
 1830 , 2510.33 
 1831 , 2502.1 
 1832 , 2504.86 
 1833 , 2504.23 
 1834 , 2502.8 
 1835 , 2507.79 
 1836 , 2515.6 
 1837 , 2519.31 
 1838 , 2514.02 
 1839 , 2497.87 
 1840 , 2473.75 
 1841 , 2446.5 
 1842 , 2427.34 
 1843 , 2421.79 
 1844 , 2419.76 
 1845 , 2414.09 
 1846 , 2406.73 
 1847 , 2399.37 
 1848 , 2390.55 
 1849 , 2384.27 
 1850 , 2390.51 
 1851 , 2405.16 
 1852 , 2414 
 1853 , 2415.65 
 1854 , 2415.05 
 1855 , 2405 
 1856 , 2378.74 
 1857 , 2362.48 
 1858 , 2381.61 
 1859 , 2414.46 
 1860 , 2438.86 
 1861 , 2465.83 
 1862 , 2498.51 
 1863 , 2508.04 
 1864 , 2484.57 
 1865 , 2460.18 
 1866 , 2454.5 
 1867 , 2463.24 
 1868 , 2475.56 
 1869 , 2476.31 
 1870 , 2466.17 
 1871 , 2458.23 
 1872 , 2448.89 
 1873 , 2427.22 
 1874 , 2418.68 
 1875 , 2458.04 
 1876 , 2513.26 
 1877 , 2536.42 
 1878 , 2537 
 1879 , 2534.08 
 1880 , 2516.51 
 1881 , 2477.69 
 1882 , 2442.41 
 1883 , 2426.36 
 1884 , 2416.03 
 1885 , 2401.31 
 1886 , 2380.56 
 1887 , 2356.92 
 1888 , 2341.41 
 1889 , 2337.86 
 1890 , 2340.85 
 1891 , 2354.62 
 1892 , 2390.64 
 1893 , 2433.64 
 1894 , 2454.21 
 1895 , 2452.81 
 1896 , 2443.41 
 1897 , 2432.31 
 1898 , 2422.82 
 1899 , 2417.13 
 1900 , 2415.23 
 1901 , 2411.1 
 1902 , 2402.65 
 1903 , 2399.67 
 1904 , 2405 
 1905 , 2405.54 
 1906 , 2402.67 
 1907 , 2420.88 
 1908 , 2449.3 
 1909 , 2436.11 
 1910 , 2385.16 
 1911 , 2349.6 
 1912 , 2328.48 
 1913 , 2286.96 
 1914 , 2247.16 
 1915 , 2254.35 
 1916 , 2294.4 
 1917 , 2332.66 
 1918 , 2358.68 
 1919 , 2371.02 
 1920 , 2373.68 
 1921 , 2370.63 
 1922 , 2361.39 
 1923 , 2351.01 
 1924 , 2358.73 
 1925 , 2383.86 
 1926 , 2389.61 
 1927 , 2367.18 
 1928 , 2347.63 
 1929 , 2340.61 
 1930 , 2332.71 
 1931 , 2323.97 
 1932 , 2323.43 
 1933 , 2323.21 
 1934 , 2308.84 
 1935 , 2289.12 
 1936 , 2279.87 
 1937 , 2280.1 
 1938 , 2284.11 
 1939 , 2286.95 
 1940 , 2286.04 
 1941 , 2287.66 
 1942 , 2298.59 
 1943 , 2322.51 
 1944 , 2356.28 
 1945 , 2384.37 
 1946 , 2396.82 
 1947 , 2394.26 
 1948 , 2375.73 
 1949 , 2338.46 
 1950 , 2298.59 
 1951 , 2285.47 
 1952 , 2287.97 
 1953 , 2272.61 
 1954 , 2252.06 
 1955 , 2256.83 
 1956 , 2273.34 
 1957 , 2278.2 
 1958 , 2291.05 
 1959 , 2330.72 
 1960 , 2362.64 
 1961 , 2357.06 
 1962 , 2332.16 
 1963 , 2305.73 
 1964 , 2277.16 
 1965 , 2247.75 
 1966 , 2224.4 
 1967 , 2216.59 
 1968 , 2237.13 
 1969 , 2275.4 
 1970 , 2298.9 
 1971 , 2303.99 
 1972 , 2307.46 
 1973 , 2301.08 
 1974 , 2267.27 
 1975 , 2225.45 
 1976 , 2204.81 
 1977 , 2206.48 
 1978 , 2222.34 
 1979 , 2239.85 
 1980 , 2250.88 
 1981 , 2264.49 
 1982 , 2282.06 
 1983 , 2281.43 
 1984 , 2257.67 
 1985 , 2238.95 
 1986 , 2233.97 
 1987 , 2223.64 
 1988 , 2209.57 
 1989 , 2213.96 
 1990 , 2235.47 
 1991 , 2255.22 
 1992 , 2263.29 
 1993 , 2256.58 
 1994 , 2246.26 
 1995 , 2246.47 
 1996 , 2245.95 
 1997 , 2228.61 
 1998 , 2202.91 
 1999 , 2181.5 
 2000 , 2163.31 
 2001 , 2147.16 
 2002 , 2142.48 
 2003 , 2157.93 
 2004 , 2194.38 
 2005 , 2238.16 
 2006 , 2260.11 
 2007 , 2257.39 
 2008 , 2253.32 
 2009 , 2249.75 
 2010 , 2232.68 
 2011 , 2212.36 
 2012 , 2210.31 
 2013 , 2214 
 2014 , 2200.27 
 2015 , 2179.07 
 2016 , 2167.21 
 2017 , 2159.69 
 2018 , 2150.8 
 2019 , 2150.86 
 2020 , 2166.57 
 2021 , 2188.86 
 2022 , 2208.57 
 2023 , 2220.49 
 2024 , 2229.54 
 2025 , 2253.28 
 2026 , 2287.06 
 2027 , 2302.55 
 2028 , 2300.55 
 2029 , 2305.84 
 2030 , 2310.81 
 2031 , 2289.75 
 2032 , 2261.38 
 2033 , 2260.39 
 2034 , 2267.42 
 2035 , 2249.79 
 2036 , 2218.93 
 2037 , 2194.68 
 2038 , 2177.17 
 2039 , 2163.16 
 2040 , 2153.52 
 2041 , 2151.7 
 2042 , 2163.97 
 2043 , 2184.21 
 2044 , 2188.37 
 2045 , 2177.17 
 2046 , 2179.72 
 2047 , 2193.42 
 2048 , 2188.46 
 2049 , 2170.59 
 2050 , 2167.16 
 2051 , 2169.73 
 2052 , 2155.6 
 2053 , 2136.69 
 2054 , 2134.23 
 2055 , 2143.87 
 2056 , 2154.87 
 2057 , 2164.73 
 2058 , 2171.4 
 2059 , 2166.87 
 2060 , 2151.8 
 2061 , 2148.21 
 2062 , 2163.56 
 2063 , 2176.65 
 2064 , 2175.04 
 2065 , 2161.5 
 2066 , 2137.34 
 2067 , 2101.54 
 2068 , 2063.53 
 2069 , 2040.17 
 2070 , 2040.85 
 2071 , 2067.7 
 2072 , 2101.85 
 2073 , 2122.2 
 2074 , 2143.39 
 2075 , 2181.31 
 2076 , 2213.25 
 2077 , 2218.09 
 2078 , 2204.2 
 2079 , 2180.85 
 2080 , 2150.67 
 2081 , 2120.61 
 2082 , 2104.8 
 2083 , 2107.17 
 2084 , 2116.61 
 2085 , 2125.91 
 2086 , 2134.96 
 2087 , 2142.47 
 2088 , 2144.21 
 2089 , 2137.77 
 2090 , 2123.74 
 2091 , 2106.54 
 2092 , 2091.87 
 2093 , 2085.56 
 2094 , 2090.98 
 2095 , 2100.28 
 2096 , 2106.23 
 2097 , 2113.81 
 2098 , 2124.68 
 2099 , 2125.81 
 2100 , 2114.34 
 2101 , 2111.35 
 2102 , 2122.46 
 2103 , 2126.6 
 2104 , 2118.83 
 2105 , 2114.64 
 2106 , 2111.99 
 2107 , 2093.79 
 2108 , 2064.5 
 2109 , 2043.36 
 2110 , 2035.42 
 2111 , 2036.05 
 2112 , 2042.57 
 2113 , 2053.28 
 2114 , 2057 
 2115 , 2044.48 
 2116 , 2029.83 
 2117 , 2026.31 
 2118 , 2028.24 
 2119 , 2032.22 
 2120 , 2045.62 
 2121 , 2067.99 
 2122 , 2085.37 
 2123 , 2095.36 
 2124 , 2110.41 
 2125 , 2127.05 
 2126 , 2126.76 
 2127 , 2105.18 
 2128 , 2068.88 
 2129 , 2029.91 
 2130 , 2004.24 
 2131 , 2001.89 
 2132 , 2025.5 
 2133 , 2064.29 
 2134 , 2104.73 
 2135 , 2132.08 
 2136 , 2134.47 
 2137 , 2115.19 
 2138 , 2081.98 
 2139 , 2044.98 
 2140 , 2017.79 
 2141 , 2019.49 
 2142 , 2052.16 
 2143 , 2092.19 
 2144 , 2125.32 
 2145 , 2149.62 
 2146 , 2152.18 
 2147 , 2113.82 
 2148 , 2053.34 
 2149 , 2011.46 
 2150 , 2004.05 
 2151 , 2033.71 
 2152 , 2091.71 
 2153 , 2160 
 2154 , 2208.29 
 2155 , 2212.59 
 2156 , 2180.83 
 2157 , 2128.62 
 2158 , 2074.74 
 2159 , 2033.06 
 2160 , 2003.97 
 2161 , 1983.89 
 2162 , 1964.88 
 2163 , 1946.91 
 2164 , 1941.67 
 2165 , 1943.1 
 2166 , 1926.21 
 2167 , 1895.18 
 2168 , 1877.43 
 2169 , 1871.91 
 2170 , 1861.36 
 2171 , 1857.96 
 2172 , 1883.91 
 2173 , 1915.42 
 2174 , 1917.5 
 2175 , 1904.22 
 2176 , 1898.49 
 2177 , 1893.14 
 2178 , 1881.1 
 2179 , 1878.08 
 2180 , 1894.6 
 2181 , 1920.29 
 2182 , 1948.9 
 2183 , 1987.23 
 2184 , 2037.71 
 2185 , 2092.32 
 2186 , 2137.4 
 2187 , 2158.89 
 2188 , 2163.03 
 2189 , 2168.05 
 2190 , 2168.32 
 2191 , 2146.92 
 2192 , 2114.41 
 2193 , 2090.87 
 2194 , 2068.65 
 2195 , 2033.54 
 2196 , 1996.67 
 2197 , 1972.81 
 2198 , 1958.57 
 2199 , 1947.95 
 2200 , 1940.44 
 2201 , 1940.89 
 2202 , 1964.65 
 2203 , 2008.09 
 2204 , 2029.31 
 2205 , 2015.01 
 2206 , 2000.21 
 2207 , 2003.04 
 2208 , 2016.92 
 2209 , 2036.9 
 2210 , 2061.75 
 2211 , 2092.84 
 2212 , 2130.46 
 2213 , 2152.33 
 2214 , 2132.77 
 2215 , 2115.73 
 2216 , 2157.17 
 2217 , 2202.57 
 2218 , 2183.78 
 2219 , 2144.71 
 2220 , 2132.35 
 2221 , 2099.4 
 2222 , 2017.5 
 2223 , 1959.72 
 2224 , 1966.2 
 2225 , 1978.78 
 2226 , 1964.37 
 2227 , 1945.49 
 2228 , 1931.7 
 2229 , 1913.77 
 2230 , 1897.18 
 2231 , 1900.56 
 2232 , 1920.38 
 2233 , 1936.48 
 2234 , 1950.85 
 2235 , 1977.52 
 2236 , 1999.79 
 2237 , 1991.16 
 2238 , 1973.83 
 2239 , 1980.13 
 2240 , 1989.34 
 2241 , 1974.31 
 2242 , 1951.82 
 2243 , 1939.95 
 2244 , 1924.5 
 2245 , 1897.9 
 2246 , 1884.89 
 2247 , 1896.01 
 2248 , 1905.29 
 2249 , 1901.15 
 2250 , 1899.8 
 2251 , 1896.72 
 2252 , 1861.12 
 2253 , 1802.07 
 2254 , 1767.94 
 2255 , 1776.25 
 2256 , 1816.97 
 2257 , 1862.36 
 2258 , 1878.83 
 2259 , 1871.29 
 2260 , 1860.96 
 2261 , 1852.07 
 2262 , 1844.61 
 2263 , 1849.48 
 2264 , 1875.46 
 2265 , 1908.7 
 2266 , 1929.18 
 2267 , 1914.08 
 2268 , 1857.91 
 2269 , 1805.08 
 2270 , 1785.8 
 2271 , 1778.24 
 2272 , 1772.23 
 2273 , 1793.1 
 2274 , 1840.41 
 2275 , 1873.42 
 2276 , 1878.41 
 2277 , 1872.29 
 2278 , 1861.91 
 2279 , 1846.52 
 2280 , 1836.79 
 2281 , 1847.84 
 2282 , 1858.01 
 2283 , 1830.81 
 2284 , 1780.84 
 2285 , 1738.84 
 2286 , 1691.34 
 2287 , 1622.37 
 2288 , 1578.45 
 2289 , 1600.16 
 2290 , 1645.88 
 2291 , 1676.25 
 2292 , 1707.5 
 2293 , 1763.65 
 2294 , 1864.61 
 2295 , 1997.09 
 2296 , 2088.63 
 2297 , 2108.42 
 2298 , 2096.46 
 2299 , 2064.66 
 2300 , 1985.55 
 2301 , 1882.01 
 2302 , 1826.47 
 2303 , 1826.59 
 2304 , 1835.76 
 2305 , 1821.94 
 2306 , 1768.71 
 2307 , 1704.42 
 2308 , 1675.62 
 2309 , 1683.34 
 2310 , 1710.32 
 2311 , 1749.98 
 2312 , 1797.05 
 2313 , 1834.94 
 2314 , 1846.72 
 2315 , 1827.24 
 2316 , 1785.81 
 2317 , 1761.73 
 2318 , 1772.14 
 2319 , 1773.36 
 2320 , 1744.63 
 2321 , 1722.09 
 2322 , 1721.23 
 2323 , 1716.21 
 2324 , 1694.27 
 2325 , 1665.46 
 2326 , 1649.41 
 2327 , 1670.41 
 2328 , 1714.72 
 2329 , 1737.4 
 2330 , 1731.25 
 2331 , 1717.67 
 2332 , 1700.15 
 2333 , 1670.65 
 2334 , 1637.18 
 2335 , 1617.16 
 2336 , 1627.63 
 2337 , 1677.43 
 2338 , 1733.44 
 2339 , 1757.09 
