09-20-2023,11:46:37
Wavenumber(cm-1),Intensity
 250 , 3176.53 
 251 , 3176.53 
 252 , 3115.15 
 253 , 3055.4 
 254 , 3001.02 
 255 , 2957.23 
 256 , 2925.31 
 257 , 2898.35 
 258 , 2869.48 
 259 , 2837.87 
 260 , 2805.62 
 261 , 2773.39 
 262 , 2739.33 
 263 , 2701.62 
 264 , 2662.98 
 265 , 2628.06 
 266 , 2596.91 
 267 , 2563.54 
 268 , 2523.53 
 269 , 2482.58 
 270 , 2449.17 
 271 , 2424.24 
 272 , 2401.67 
 273 , 2377.14 
 274 , 2354.37 
 275 , 2338.21 
 276 , 2326.39 
 277 , 2312.25 
 278 , 2291.99 
 279 , 2267.55 
 280 , 2241.54 
 281 , 2216.92 
 282 , 2196.77 
 283 , 2181.97 
 284 , 2170.52 
 285 , 2160.61 
 286 , 2152.64 
 287 , 2147.27 
 288 , 2143.41 
 289 , 2138.98 
 290 , 2133.21 
 291 , 2127.02 
 292 , 2120.92 
 293 , 2114.6 
 294 , 2107.97 
 295 , 2101.89 
 296 , 2096.95 
 297 , 2092.42 
 298 , 2087.22 
 299 , 2081.12 
 300 , 2075.05 
 301 , 2069.68 
 302 , 2064.61 
 303 , 2059.13 
 304 , 2053.08 
 305 , 2047.04 
 306 , 2041.52 
 307 , 2036.09 
 308 , 2029.55 
 309 , 2021.1 
 310 , 2011.34 
 311 , 2001.32 
 312 , 1991.79 
 313 , 1983.18 
 314 , 1976 
 315 , 1970.58 
 316 , 1967.01 
 317 , 1964.75 
 318 , 1963.05 
 319 , 1961.66 
 320 , 1960.88 
 321 , 1960.97 
 322 , 1962.52 
 323 , 1966.58 
 324 , 1973.18 
 325 , 1979.7 
 326 , 1983.23 
 327 , 1983.27 
 328 , 1980.58 
 329 , 1975.26 
 330 , 1966.12 
 331 , 1952.84 
 332 , 1939.13 
 333 , 1929.26 
 334 , 1923.78 
 335 , 1920.63 
 336 , 1918.44 
 337 , 1917.4 
 338 , 1917.68 
 339 , 1918.26 
 340 , 1917.77 
 341 , 1916.44 
 342 , 1916.12 
 343 , 1917.65 
 344 , 1919 
 345 , 1917.91 
 346 , 1915.21 
 347 , 1913.57 
 348 , 1913.55 
 349 , 1912.11 
 350 , 1907.02 
 351 , 1901.84 
 352 , 1901.93 
 353 , 1907.52 
 354 , 1913.59 
 355 , 1916.62 
 356 , 1918.14 
 357 , 1920.27 
 358 , 1922.63 
 359 , 1923.78 
 360 , 1923.34 
 361 , 1921.56 
 362 , 1918.54 
 363 , 1916.05 
 364 , 1917.11 
 365 , 1921.87 
 366 , 1925.92 
 367 , 1925.42 
 368 , 1921.9 
 369 , 1918.45 
 370 , 1915.76 
 371 , 1912.21 
 372 , 1907.04 
 373 , 1902.25 
 374 , 1900.08 
 375 , 1900.9 
 376 , 1904.12 
 377 , 1907.9 
 378 , 1909.2 
 379 , 1906.62 
 380 , 1904.44 
 381 , 1907.61 
 382 , 1914.13 
 383 , 1917.38 
 384 , 1914.69 
 385 , 1911.08 
 386 , 1911.24 
 387 , 1912.45 
 388 , 1909.53 
 389 , 1903 
 390 , 1899.53 
 391 , 1903.34 
 392 , 1910.25 
 393 , 1914.99 
 394 , 1918.34 
 395 , 1924.72 
 396 , 1935.8 
 397 , 1948.49 
 398 , 1959.84 
 399 , 1969.31 
 400 , 1976.95 
 401 , 1980.79 
 402 , 1977.15 
 403 , 1964.57 
 404 , 1947.19 
 405 , 1929.79 
 406 , 1916.23 
 407 , 1909.96 
 408 , 1911.47 
 409 , 1916.9 
 410 , 1922.82 
 411 , 1929.2 
 412 , 1936.72 
 413 , 1942.93 
 414 , 1942.89 
 415 , 1935.33 
 416 , 1926.86 
 417 , 1923.96 
 418 , 1924.97 
 419 , 1925.03 
 420 , 1922.43 
 421 , 1919.19 
 422 , 1916.9 
 423 , 1915.02 
 424 , 1912.68 
 425 , 1910.23 
 426 , 1908.84 
 427 , 1908.57 
 428 , 1907.79 
 429 , 1905.2 
 430 , 1901.5 
 431 , 1897.93 
 432 , 1894.8 
 433 , 1891.75 
 434 , 1889.4 
 435 , 1890.6 
 436 , 1897.63 
 437 , 1907.03 
 438 , 1913.21 
 439 , 1915.54 
 440 , 1918.93 
 441 , 1925.91 
 442 , 1930.78 
 443 , 1927.23 
 444 , 1918.28 
 445 , 1912.07 
 446 , 1910.72 
 447 , 1907.3 
 448 , 1896.94 
 449 , 1886.8 
 450 , 1886.55 
 451 , 1895.36 
 452 , 1904.66 
 453 , 1908.87 
 454 , 1908.53 
 455 , 1904.9 
 456 , 1899.31 
 457 , 1893.17 
 458 , 1886.55 
 459 , 1878.07 
 460 , 1867.63 
 461 , 1858.83 
 462 , 1855.24 
 463 , 1855.35 
 464 , 1855.22 
 465 , 1853.05 
 466 , 1849.79 
 467 , 1846.69 
 468 , 1845.32 
 469 , 1846.99 
 470 , 1849.4 
 471 , 1848.16 
 472 , 1842.45 
 473 , 1837.19 
 474 , 1836.36 
 475 , 1837.43 
 476 , 1836.39 
 477 , 1833.49 
 478 , 1832.23 
 479 , 1834.85 
 480 , 1840.95 
 481 , 1849.7 
 482 , 1859.41 
 483 , 1868.19 
 484 , 1876.09 
 485 , 1885.03 
 486 , 1894.69 
 487 , 1899.25 
 488 , 1893.46 
 489 , 1881.82 
 490 , 1872.72 
 491 , 1867.97 
 492 , 1862.15 
 493 , 1852.26 
 494 , 1843.06 
 495 , 1839.81 
 496 , 1840.74 
 497 , 1840.82 
 498 , 1837.95 
 499 , 1833.63 
 500 , 1829.15 
 501 , 1824.58 
 502 , 1819.78 
 503 , 1814.13 
 504 , 1806.65 
 505 , 1797.78 
 506 , 1790.09 
 507 , 1785.36 
 508 , 1781.49 
 509 , 1775.67 
 510 , 1767.73 
 511 , 1759.26 
 512 , 1751.48 
 513 , 1744.93 
 514 , 1739.98 
 515 , 1737.02 
 516 , 1736.47 
 517 , 1738.81 
 518 , 1744.32 
 519 , 1751.85 
 520 , 1757.97 
 521 , 1759.85 
 522 , 1758.49 
 523 , 1755.77 
 524 , 1752.09 
 525 , 1746.8 
 526 , 1740.16 
 527 , 1734.07 
 528 , 1729.92 
 529 , 1726.02 
 530 , 1720.02 
 531 , 1712.07 
 532 , 1704.22 
 533 , 1697.89 
 534 , 1693.24 
 535 , 1690.44 
 536 , 1690.56 
 537 , 1694.83 
 538 , 1702.82 
 539 , 1712.74 
 540 , 1722.24 
 541 , 1727.87 
 542 , 1726.73 
 543 , 1720.05 
 544 , 1710.6 
 545 , 1703.98 
 546 , 1708.22 
 547 , 1725.26 
 548 , 1743.79 
 549 , 1752.9 
 550 , 1753.78 
 551 , 1751.61 
 552 , 1744.99 
 553 , 1726.61 
 554 , 1695.93 
 555 , 1667.48 
 556 , 1654.87 
 557 , 1655.33 
 558 , 1660.34 
 559 , 1665.66 
 560 , 1670.99 
 561 , 1676.68 
 562 , 1683.8 
 563 , 1692.72 
 564 , 1700.45 
 565 , 1703.11 
 566 , 1699.5 
 567 , 1690.54 
 568 , 1677.33 
 569 , 1661.22 
 570 , 1644.23 
 571 , 1631.38 
 572 , 1628.2 
 573 , 1634.28 
 574 , 1644.75 
 575 , 1655.81 
 576 , 1665.47 
 577 , 1671.85 
 578 , 1673.5 
 579 , 1669.6 
 580 , 1661.01 
 581 , 1649.31 
 582 , 1636.01 
 583 , 1623.17 
 584 , 1612.79 
 585 , 1605.17 
 586 , 1599.89 
 587 , 1597.93 
 588 , 1601.66 
 589 , 1610.58 
 590 , 1619.26 
 591 , 1623.51 
 592 , 1626.2 
 593 , 1631.6 
 594 , 1638.87 
 595 , 1644.1 
 596 , 1646.29 
 597 , 1648.51 
 598 , 1652.6 
 599 , 1655.05 
 600 , 1651.91 
 601 , 1645.2 
 602 , 1639.9 
 603 , 1637.92 
 604 , 1637.54 
 605 , 1637.71 
 606 , 1639.77 
 607 , 1644.91 
 608 , 1651.14 
 609 , 1655.46 
 610 , 1658.96 
 611 , 1666.51 
 612 , 1678.9 
 613 , 1687.95 
 614 , 1686.36 
 615 , 1677.68 
 616 , 1668.63 
 617 , 1661.46 
 618 , 1654.98 
 619 , 1649.61 
 620 , 1648.9 
 621 , 1655.28 
 622 , 1664.81 
 623 , 1672.1 
 624 , 1674.97 
 625 , 1673.24 
 626 , 1667.81 
 627 , 1661.29 
 628 , 1655.82 
 629 , 1651.05 
 630 , 1645.94 
 631 , 1639.76 
 632 , 1632.31 
 633 , 1625.54 
 634 , 1623.61 
 635 , 1628.45 
 636 , 1636.23 
 637 , 1642.89 
 638 , 1647.91 
 639 , 1652.06 
 640 , 1654.41 
 641 , 1652.48 
 642 , 1648.27 
 643 , 1652.84 
 644 , 1674.98 
 645 , 1707.73 
 646 , 1739.76 
 647 , 1763.7 
 648 , 1774.93 
 649 , 1771.03 
 650 , 1752.44 
 651 , 1721.62 
 652 , 1687.37 
 653 , 1659.12 
 654 , 1639.81 
 655 , 1628.97 
 656 , 1624.12 
 657 , 1620.73 
 658 , 1615.18 
 659 , 1605.96 
 660 , 1593.07 
 661 , 1583.74 
 662 , 1587.01 
 663 , 1600.79 
 664 , 1614.5 
 665 , 1622.41 
 666 , 1627.12 
 667 , 1630.66 
 668 , 1630.27 
 669 , 1622.76 
 670 , 1611.46 
 671 , 1603.14 
 672 , 1600 
 673 , 1598.49 
 674 , 1596.12 
 675 , 1594.19 
 676 , 1594.54 
 677 , 1597.49 
 678 , 1602.45 
 679 , 1608.73 
 680 , 1615.9 
 681 , 1623.01 
 682 , 1627.89 
 683 , 1628.96 
 684 , 1627.76 
 685 , 1626.29 
 686 , 1624.1 
 687 , 1619.59 
 688 , 1614.26 
 689 , 1613.1 
 690 , 1618.45 
 691 , 1625.9 
 692 , 1631.1 
 693 , 1635.69 
 694 , 1642.9 
 695 , 1650.05 
 696 , 1650.1 
 697 , 1640.78 
 698 , 1627.59 
 699 , 1615.21 
 700 , 1602.96 
 701 , 1589.43 
 702 , 1576.93 
 703 , 1569.52 
 704 , 1568.25 
 705 , 1571.18 
 706 , 1576.91 
 707 , 1585.36 
 708 , 1595.93 
 709 , 1604.89 
 710 , 1607.94 
 711 , 1605.27 
 712 , 1599.88 
 713 , 1593.77 
 714 , 1587.6 
 715 , 1582.13 
 716 , 1578.68 
 717 , 1578.34 
 718 , 1580.54 
 719 , 1584.12 
 720 , 1587.99 
 721 , 1591.18 
 722 , 1594.23 
 723 , 1600.15 
 724 , 1610.42 
 725 , 1620.62 
 726 , 1625.79 
 727 , 1626.58 
 728 , 1626.08 
 729 , 1625.04 
 730 , 1622.3 
 731 , 1618.04 
 732 , 1614.74 
 733 , 1614.25 
 734 , 1615.36 
 735 , 1616.45 
 736 , 1617.46 
 737 , 1618.93 
 738 , 1619.53 
 739 , 1615.85 
 740 , 1606.71 
 741 , 1596.39 
 742 , 1588.89 
 743 , 1582.81 
 744 , 1575.47 
 745 , 1569.13 
 746 , 1569.23 
 747 , 1576.49 
 748 , 1585.38 
 749 , 1591.96 
 750 , 1597.64 
 751 , 1604.13 
 752 , 1609.85 
 753 , 1612.32 
 754 , 1611.46 
 755 , 1608.93 
 756 , 1605.59 
 757 , 1601.12 
 758 , 1595.56 
 759 , 1590.18 
 760 , 1586.21 
 761 , 1583.3 
 762 , 1580.59 
 763 , 1577.75 
 764 , 1574.79 
 765 , 1571.97 
 766 , 1570.12 
 767 , 1569.91 
 768 , 1570.76 
 769 , 1571.87 
 770 , 1573.53 
 771 , 1576.73 
 772 , 1580.77 
 773 , 1583.25 
 774 , 1584.28 
 775 , 1588.43 
 776 , 1598.18 
 777 , 1607.72 
 778 , 1610.68 
 779 , 1608.85 
 780 , 1607.25 
 781 , 1607.43 
 782 , 1608.01 
 783 , 1607.76 
 784 , 1606.03 
 785 , 1603.04 
 786 , 1601.34 
 787 , 1603.03 
 788 , 1605.09 
 789 , 1603.15 
 790 , 1600.85 
 791 , 1607.57 
 792 , 1624.85 
 793 , 1643.13 
 794 , 1655.69 
 795 , 1665.57 
 796 , 1675.93 
 797 , 1681.73 
 798 , 1675.98 
 799 , 1661.87 
 800 , 1649.24 
 801 , 1641.59 
 802 , 1634.29 
 803 , 1625.05 
 804 , 1618.56 
 805 , 1619.09 
 806 , 1623.7 
 807 , 1627.64 
 808 , 1630.73 
 809 , 1635.54 
 810 , 1644.81 
 811 , 1661.32 
 812 , 1684.39 
 813 , 1706.06 
 814 , 1718.97 
 815 , 1721.89 
 816 , 1715.58 
 817 , 1703.67 
 818 , 1691.29 
 819 , 1685.39 
 820 , 1694.57 
 821 , 1718.79 
 822 , 1742.9 
 823 , 1754.49 
 824 , 1755.57 
 825 , 1750.09 
 826 , 1734.62 
 827 , 1703.73 
 828 , 1666.84 
 829 , 1644.59 
 830 , 1643.4 
 831 , 1649.34 
 832 , 1651.84 
 833 , 1653.35 
 834 , 1657.13 
 835 , 1659.66 
 836 , 1656.02 
 837 , 1649.78 
 838 , 1649.44 
 839 , 1656.22 
 840 , 1663.28 
 841 , 1666.12 
 842 , 1665.95 
 843 , 1663.84 
 844 , 1657.94 
 845 , 1646.77 
 846 , 1637.17 
 847 , 1639.11 
 848 , 1651.88 
 849 , 1666.07 
 850 , 1676.73 
 851 , 1685.85 
 852 , 1693.99 
 853 , 1696.33 
 854 , 1689.02 
 855 , 1677.99 
 856 , 1671.45 
 857 , 1668.35 
 858 , 1662.33 
 859 , 1652.27 
 860 , 1642.65 
 861 , 1635.93 
 862 , 1630.33 
 863 , 1624.55 
 864 , 1620.74 
 865 , 1621.23 
 866 , 1624.29 
 867 , 1626.72 
 868 , 1627.38 
 869 , 1626.66 
 870 , 1625.19 
 871 , 1623.88 
 872 , 1623.19 
 873 , 1622.64 
 874 , 1621.68 
 875 , 1620.05 
 876 , 1617.69 
 877 , 1615.14 
 878 , 1613.46 
 879 , 1616.46 
 880 , 1630.22 
 881 , 1653.06 
 882 , 1671.71 
 883 , 1677.31 
 884 , 1674.99 
 885 , 1669.88 
 886 , 1656.15 
 887 , 1626.53 
 888 , 1591.43 
 889 , 1570.11 
 890 , 1565.45 
 891 , 1564.91 
 892 , 1561.8 
 893 , 1559.84 
 894 , 1561.98 
 895 , 1566.39 
 896 , 1570.73 
 897 , 1574.64 
 898 , 1578.46 
 899 , 1582.87 
 900 , 1588.61 
 901 , 1595.48 
 902 , 1602.32 
 903 , 1607.42 
 904 , 1608.1 
 905 , 1603.05 
 906 , 1595.13 
 907 , 1587.62 
 908 , 1581.54 
 909 , 1577.26 
 910 , 1575.85 
 911 , 1578.79 
 912 , 1584.56 
 913 , 1588.68 
 914 , 1588.86 
 915 , 1586.66 
 916 , 1583.92 
 917 , 1582.22 
 918 , 1582.63 
 919 , 1584.45 
 920 , 1586.65 
 921 , 1589.1 
 922 , 1592.12 
 923 , 1595.83 
 924 , 1600.24 
 925 , 1605.04 
 926 , 1609.37 
 927 , 1612.12 
 928 , 1611.66 
 929 , 1606.59 
 930 , 1596.46 
 931 , 1581.67 
 932 , 1567.64 
 933 , 1561.7 
 934 , 1562.65 
 935 , 1562.69 
 936 , 1559.84 
 937 , 1559.78 
 938 , 1564.21 
 939 , 1565.34 
 940 , 1558 
 941 , 1550.69 
 942 , 1552.8 
 943 , 1559.92 
 944 , 1563.19 
 945 , 1563.52 
 946 , 1567.75 
 947 , 1575 
 948 , 1576.49 
 949 , 1570.36 
 950 , 1566.95 
 951 , 1572.59 
 952 , 1579.32 
 953 , 1579.48 
 954 , 1578.38 
 955 , 1583.78 
 956 , 1592.1 
 957 , 1594.7 
 958 , 1591.96 
 959 , 1591.27 
 960 , 1595.27 
 961 , 1600.41 
 962 , 1604.48 
 963 , 1609.07 
 964 , 1615.62 
 965 , 1623.48 
 966 , 1631.24 
 967 , 1635.94 
 968 , 1634.55 
 969 , 1628.1 
 970 , 1619.84 
 971 , 1610.59 
 972 , 1599.04 
 973 , 1587.59 
 974 , 1584.26 
 975 , 1591.53 
 976 , 1597.75 
 977 , 1593.38 
 978 , 1585.12 
 979 , 1581.86 
 980 , 1580.73 
 981 , 1575.06 
 982 , 1568.79 
 983 , 1572.18 
 984 , 1585.72 
 985 , 1600.22 
 986 , 1610.18 
 987 , 1616.33 
 988 , 1619.3 
 989 , 1618.21 
 990 , 1612.58 
 991 , 1604.54 
 992 , 1596.83 
 993 , 1591.8 
 994 , 1591.29 
 995 , 1593.75 
 996 , 1595.84 
 997 , 1598.85 
 998 , 1608.38 
 999 , 1626.46 
 1000 , 1649.61 
 1001 , 1673.44 
 1002 , 1692.63 
 1003 , 1702.73 
 1004 , 1702.44 
 1005 , 1691.27 
 1006 , 1669.86 
 1007 , 1640.04 
 1008 , 1609.66 
 1009 , 1589.24 
 1010 , 1580.3 
 1011 , 1576.85 
 1012 , 1575.41 
 1013 , 1575.72 
 1014 , 1576.74 
 1015 , 1576.03 
 1016 , 1572.29 
 1017 , 1567.59 
 1018 , 1564.23 
 1019 , 1563.37 
 1020 , 1565.8 
 1021 , 1571.22 
 1022 , 1578.69 
 1023 , 1586.13 
 1024 , 1590.8 
 1025 , 1592.16 
 1026 , 1592.03 
 1027 , 1592.14 
 1028 , 1593.99 
 1029 , 1598.17 
 1030 , 1602.74 
 1031 , 1605.95 
 1032 , 1609.19 
 1033 , 1614.4 
 1034 , 1620.13 
 1035 , 1623.95 
 1036 , 1629.62 
 1037 , 1644.47 
 1038 , 1667.4 
 1039 , 1689.96 
 1040 , 1710.34 
 1041 , 1735.56 
 1042 , 1766.4 
 1043 , 1790.95 
 1044 , 1801.99 
 1045 , 1808.59 
 1046 , 1819.42 
 1047 , 1829.79 
 1048 , 1832.97 
 1049 , 1831.78 
 1050 , 1832.04 
 1051 , 1832.19 
 1052 , 1826.83 
 1053 , 1816.33 
 1054 , 1805.69 
 1055 , 1795.77 
 1056 , 1782.53 
 1057 , 1764.8 
 1058 , 1746.49 
 1059 , 1729.75 
 1060 , 1711.8 
 1061 , 1691.1 
 1062 , 1672.41 
 1063 , 1660.28 
 1064 , 1651.13 
 1065 , 1639.53 
 1066 , 1625.62 
 1067 , 1611.88 
 1068 , 1599.18 
 1069 , 1587.58 
 1070 , 1578.71 
 1071 , 1575.31 
 1072 , 1577.19 
 1073 , 1580.35 
 1074 , 1582.48 
 1075 , 1584.81 
 1076 , 1588.44 
 1077 , 1593.31 
 1078 , 1599.03 
 1079 , 1603.59 
 1080 , 1604.87 
 1081 , 1604.76 
 1082 , 1606.49 
 1083 , 1608.12 
 1084 , 1604.87 
 1085 , 1598.3 
 1086 , 1595.3 
 1087 , 1597.63 
 1088 , 1600.56 
 1089 , 1600.99 
 1090 , 1599.59 
 1091 , 1597.71 
 1092 , 1596.71 
 1093 , 1597.52 
 1094 , 1600.91 
 1095 , 1607.35 
 1096 , 1614.27 
 1097 , 1618.56 
 1098 , 1621.35 
 1099 , 1625.28 
 1100 , 1627.39 
 1101 , 1621.61 
 1102 , 1610.44 
 1103 , 1603.42 
 1104 , 1601.91 
 1105 , 1597.77 
 1106 , 1588.71 
 1107 , 1582.25 
 1108 , 1582.91 
 1109 , 1586.77 
 1110 , 1590.21 
 1111 , 1593.73 
 1112 , 1597.84 
 1113 , 1599.78 
 1114 , 1596.55 
 1115 , 1587.41 
 1116 , 1572.75 
 1117 , 1558.18 
 1118 , 1551.78 
 1119 , 1555.11 
 1120 , 1564.98 
 1121 , 1578.46 
 1122 , 1593.48 
 1123 , 1607.68 
 1124 , 1617.99 
 1125 , 1623.1 
 1126 , 1624.94 
 1127 , 1625.11 
 1128 , 1623.79 
 1129 , 1621.12 
 1130 , 1617.59 
 1131 , 1613.42 
 1132 , 1607.46 
 1133 , 1599.33 
 1134 , 1594.38 
 1135 , 1598.57 
 1136 , 1607.42 
 1137 , 1612.16 
 1138 , 1612.42 
 1139 , 1612.94 
 1140 , 1614.35 
 1141 , 1613.7 
 1142 , 1611.83 
 1143 , 1613.85 
 1144 , 1620.49 
 1145 , 1625.44 
 1146 , 1624.77 
 1147 , 1620.58 
 1148 , 1615.97 
 1149 , 1613.68 
 1150 , 1615.45 
 1151 , 1621.55 
 1152 , 1631.56 
 1153 , 1641.58 
 1154 , 1646.88 
 1155 , 1646.32 
 1156 , 1640.53 
 1157 , 1631.09 
 1158 , 1619.98 
 1159 , 1611.09 
 1160 , 1609.4 
 1161 , 1612.88 
 1162 , 1613.56 
 1163 , 1609.96 
 1164 , 1608.14 
 1165 , 1610.29 
 1166 , 1612.34 
 1167 , 1612.72 
 1168 , 1615.77 
 1169 , 1623.89 
 1170 , 1632.65 
 1171 , 1638.1 
 1172 , 1641.75 
 1173 , 1645.58 
 1174 , 1648.53 
 1175 , 1649.22 
 1176 , 1649.7 
 1177 , 1652.66 
 1178 , 1656.8 
 1179 , 1659.26 
 1180 , 1659.18 
 1181 , 1656.92 
 1182 , 1653.75 
 1183 , 1651.25 
 1184 , 1648.61 
 1185 , 1643.34 
 1186 , 1636.73 
 1187 , 1633.89 
 1188 , 1636.02 
 1189 , 1639.15 
 1190 , 1641.48 
 1191 , 1645.05 
 1192 , 1649.88 
 1193 , 1651.66 
 1194 , 1647.82 
 1195 , 1640.4 
 1196 , 1632.11 
 1197 , 1627.37 
 1198 , 1630.26 
 1199 , 1638.96 
 1200 , 1649.95 
 1201 , 1662.02 
 1202 , 1675.11 
 1203 , 1686.57 
 1204 , 1692.37 
 1205 , 1692.81 
 1206 , 1690.88 
 1207 , 1686.52 
 1208 , 1677.18 
 1209 , 1664.11 
 1210 , 1652.38 
 1211 , 1644.47 
 1212 , 1639.06 
 1213 , 1635.88 
 1214 , 1637.23 
 1215 , 1643.55 
 1216 , 1651.04 
 1217 , 1657.77 
 1218 , 1666.77 
 1219 , 1678.25 
 1220 , 1684.74 
 1221 , 1681.8 
 1222 , 1675.31 
 1223 , 1670.08 
 1224 , 1662.9 
 1225 , 1651.94 
 1226 , 1646.02 
 1227 , 1652.73 
 1228 , 1662.66 
 1229 , 1664.4 
 1230 , 1663.59 
 1231 , 1670.13 
 1232 , 1679.8 
 1233 , 1683.41 
 1234 , 1683.87 
 1235 , 1689.73 
 1236 , 1697.82 
 1237 , 1697.87 
 1238 , 1690.71 
 1239 , 1685.82 
 1240 , 1684.04 
 1241 , 1677.97 
 1242 , 1667.16 
 1243 , 1659.42 
 1244 , 1656.13 
 1245 , 1649.33 
 1246 , 1637.63 
 1247 , 1631.04 
 1248 , 1634.66 
 1249 , 1642.34 
 1250 , 1649.41 
 1251 , 1657.77 
 1252 , 1668.92 
 1253 , 1680.18 
 1254 , 1688.07 
 1255 , 1690.3 
 1256 , 1687.04 
 1257 , 1683.83 
 1258 , 1684.73 
 1259 , 1685.3 
 1260 , 1681.1 
 1261 , 1676.4 
 1262 , 1676.7 
 1263 , 1679.91 
 1264 , 1681.77 
 1265 , 1681.8 
 1266 , 1681.21 
 1267 , 1678.99 
 1268 , 1672.84 
 1269 , 1662 
 1270 , 1647.57 
 1271 , 1635.9 
 1272 , 1635.12 
 1273 , 1642.25 
 1274 , 1647.64 
 1275 , 1649.1 
 1276 , 1649.81 
 1277 , 1647.64 
 1278 , 1636.21 
 1279 , 1619.61 
 1280 , 1611.91 
 1281 , 1616.51 
 1282 , 1624.88 
 1283 , 1633.05 
 1284 , 1643.12 
 1285 , 1653.72 
 1286 , 1658.69 
 1287 , 1658.81 
 1288 , 1665.34 
 1289 , 1679.92 
 1290 , 1687.07 
 1291 , 1680.58 
 1292 , 1674.4 
 1293 , 1676.02 
 1294 , 1674.54 
 1295 , 1663.37 
 1296 , 1651.78 
 1297 , 1647.22 
 1298 , 1645.71 
 1299 , 1642.41 
 1300 , 1636.02 
 1301 , 1627.83 
 1302 , 1624.57 
 1303 , 1630.82 
 1304 , 1640.06 
 1305 , 1646.2 
 1306 , 1654.63 
 1307 , 1670.79 
 1308 , 1687.9 
 1309 , 1697.49 
 1310 , 1699.02 
 1311 , 1694.68 
 1312 , 1688.42 
 1313 , 1684.72 
 1314 , 1687.16 
 1315 , 1697.81 
 1316 , 1710.9 
 1317 , 1718.43 
 1318 , 1719 
 1319 , 1714.25 
 1320 , 1705.66 
 1321 , 1694.77 
 1322 , 1685.74 
 1323 , 1683.54 
 1324 , 1686.1 
 1325 , 1687.72 
 1326 , 1687.04 
 1327 , 1685.56 
 1328 , 1684.39 
 1329 , 1683.95 
 1330 , 1683.12 
 1331 , 1680.12 
 1332 , 1674.76 
 1333 , 1667.81 
 1334 , 1660.89 
 1335 , 1656.66 
 1336 , 1656.23 
 1337 , 1659.08 
 1338 , 1665.79 
 1339 , 1678.17 
 1340 , 1691.01 
 1341 , 1692.48 
 1342 , 1682.26 
 1343 , 1671.65 
 1344 , 1663.76 
 1345 , 1652.58 
 1346 , 1639.55 
 1347 , 1634.75 
 1348 , 1639.8 
 1349 , 1646.12 
 1350 , 1648.58 
 1351 , 1646.99 
 1352 , 1642.44 
 1353 , 1637.02 
 1354 , 1631.91 
 1355 , 1627.3 
 1356 , 1625.32 
 1357 , 1630.47 
 1358 , 1642.44 
 1359 , 1654.25 
 1360 , 1660.81 
 1361 , 1660.65 
 1362 , 1653.77 
 1363 , 1641.75 
 1364 , 1627.34 
 1365 , 1615.1 
 1366 , 1608.22 
 1367 , 1607.29 
 1368 , 1610.99 
 1369 , 1615.83 
 1370 , 1619.71 
 1371 , 1622.69 
 1372 , 1624.67 
 1373 , 1625.2 
 1374 , 1624.55 
 1375 , 1624.15 
 1376 , 1623.91 
 1377 , 1621.38 
 1378 , 1615.56 
 1379 , 1608.03 
 1380 , 1599.05 
 1381 , 1586.63 
 1382 , 1572.31 
 1383 , 1563.57 
 1384 , 1562.63 
 1385 , 1562.33 
 1386 , 1560.11 
 1387 , 1562.26 
 1388 , 1568.96 
 1389 , 1569.13 
 1390 , 1559.63 
 1391 , 1552 
 1392 , 1551.49 
 1393 , 1550.89 
 1394 , 1550.16 
 1395 , 1562.43 
 1396 , 1588.24 
 1397 , 1606.44 
 1398 , 1607.33 
 1399 , 1601.93 
 1400 , 1596.74 
 1401 , 1588.6 
 1402 , 1578.87 
 1403 , 1576.72 
 1404 , 1583.49 
 1405 , 1588.28 
 1406 , 1585.57 
 1407 , 1579.05 
 1408 , 1571.51 
 1409 , 1563.59 
 1410 , 1558.58 
 1411 , 1563.51 
 1412 , 1578.6 
 1413 , 1594.92 
 1414 , 1607.98 
 1415 , 1619.78 
 1416 , 1629.19 
 1417 , 1630.88 
 1418 , 1625.04 
 1419 , 1618.63 
 1420 , 1613.09 
 1421 , 1603.3 
 1422 , 1590.64 
 1423 , 1583.7 
 1424 , 1583.25 
 1425 , 1581.63 
 1426 , 1575.97 
 1427 , 1569.19 
 1428 , 1574.4 
 1429 , 1612.41 
 1430 , 1673.03 
 1431 , 1719.71 
 1432 , 1747.44 
 1433 , 1776.95 
 1434 , 1797.74 
 1435 , 1776.57 
 1436 , 1725.43 
 1437 , 1688.46 
 1438 , 1672.78 
 1439 , 1659.4 
 1440 , 1642.86 
 1441 , 1627.12 
 1442 , 1615.12 
 1443 , 1608.85 
 1444 , 1607.49 
 1445 , 1609.37 
 1446 , 1619.91 
 1447 , 1645.94 
 1448 , 1673.13 
 1449 , 1680.07 
 1450 , 1674.38 
 1451 , 1674.04 
 1452 , 1672.78 
 1453 , 1657.54 
 1454 , 1640.3 
 1455 , 1638.66 
 1456 , 1644.74 
 1457 , 1644.36 
 1458 , 1639.1 
 1459 , 1634.16 
 1460 , 1627.46 
 1461 , 1616.87 
 1462 , 1609.21 
 1463 , 1610.99 
 1464 , 1618.55 
 1465 , 1627.05 
 1466 , 1635.39 
 1467 , 1641.64 
 1468 , 1639.54 
 1469 , 1626.58 
 1470 , 1612.37 
 1471 , 1604.67 
 1472 , 1601.34 
 1473 , 1599.85 
 1474 , 1600.67 
 1475 , 1602.72 
 1476 , 1599.94 
 1477 , 1589.44 
 1478 , 1576.42 
 1479 , 1565.72 
 1480 , 1558.43 
 1481 , 1553.23 
 1482 , 1547.67 
 1483 , 1540.78 
 1484 , 1532.07 
 1485 , 1521.01 
 1486 , 1508.5 
 1487 , 1500.21 
 1488 , 1504.73 
 1489 , 1517.55 
 1490 , 1524.04 
 1491 , 1523.56 
 1492 , 1525.33 
 1493 , 1526.54 
 1494 , 1517.94 
 1495 , 1509.35 
 1496 , 1519.09 
 1497 , 1538.56 
 1498 , 1547.53 
 1499 , 1545.85 
 1500 , 1541.39 
 1501 , 1534.83 
 1502 , 1525.37 
 1503 , 1517.67 
 1504 , 1516.42 
 1505 , 1519.22 
 1506 , 1522.33 
 1507 , 1523.37 
 1508 , 1520.67 
 1509 , 1514.72 
 1510 , 1507.66 
 1511 , 1504.71 
 1512 , 1508.09 
 1513 , 1511.69 
 1514 , 1512.06 
 1515 , 1513.51 
 1516 , 1517.47 
 1517 , 1519.37 
 1518 , 1518.29 
 1519 , 1518.92 
 1520 , 1521.99 
 1521 , 1523.52 
 1522 , 1522.76 
 1523 , 1521.75 
 1524 , 1520.54 
 1525 , 1517.85 
 1526 , 1511.92 
 1527 , 1500.55 
 1528 , 1488.22 
 1529 , 1484 
 1530 , 1490.42 
 1531 , 1505.45 
 1532 , 1526.65 
 1533 , 1551.43 
 1534 , 1573.37 
 1535 , 1585.11 
 1536 , 1584.6 
 1537 , 1573.24 
 1538 , 1557.49 
 1539 , 1543.22 
 1540 , 1530.47 
 1541 , 1519.34 
 1542 , 1513.4 
 1543 , 1514.65 
 1544 , 1520.43 
 1545 , 1527.01 
 1546 , 1529.55 
 1547 , 1530 
 1548 , 1540.76 
 1549 , 1562.94 
 1550 , 1582.29 
 1551 , 1597.77 
 1552 , 1622.44 
 1553 , 1647.7 
 1554 , 1647.73 
 1555 , 1626.49 
 1556 , 1607.44 
 1557 , 1594.56 
 1558 , 1582.17 
 1559 , 1578.3 
 1560 , 1593.2 
 1561 , 1614.14 
 1562 , 1624.11 
 1563 , 1623.42 
 1564 , 1615.44 
 1565 , 1598 
 1566 , 1572.59 
 1567 , 1553.75 
 1568 , 1549.95 
 1569 , 1551.59 
 1570 , 1551.4 
 1571 , 1550.48 
 1572 , 1550.87 
 1573 , 1554.36 
 1574 , 1560.73 
 1575 , 1567.91 
 1576 , 1576.66 
 1577 , 1589.33 
 1578 , 1598.23 
 1579 , 1590.56 
 1580 , 1572.91 
 1581 , 1560.06 
 1582 , 1548.53 
 1583 , 1530.59 
 1584 , 1517.39 
 1585 , 1521.44 
 1586 , 1534.93 
 1587 , 1547.49 
 1588 , 1556.93 
 1589 , 1562.22 
 1590 , 1561.62 
 1591 , 1554.6 
 1592 , 1542.89 
 1593 , 1530.1 
 1594 , 1522.24 
 1595 , 1522.93 
 1596 , 1532.42 
 1597 , 1545.46 
 1598 , 1552.84 
 1599 , 1554.46 
 1600 , 1555.72 
 1601 , 1555.19 
 1602 , 1548.58 
 1603 , 1536.61 
 1604 , 1522.73 
 1605 , 1514.19 
 1606 , 1514.81 
 1607 , 1512.48 
 1608 , 1499.19 
 1609 , 1486.96 
 1610 , 1481.07 
 1611 , 1467.58 
 1612 , 1443.92 
 1613 , 1427.27 
 1614 , 1423.23 
 1615 , 1423.16 
 1616 , 1425.89 
 1617 , 1436.44 
 1618 , 1452.42 
 1619 , 1467.35 
 1620 , 1479.23 
 1621 , 1487.53 
 1622 , 1489.92 
 1623 , 1486.24 
 1624 , 1485.85 
 1625 , 1494.26 
 1626 , 1499.47 
 1627 , 1493.06 
 1628 , 1480.62 
 1629 , 1466.63 
 1630 , 1451.47 
 1631 , 1438.67 
 1632 , 1435.12 
 1633 , 1437.55 
 1634 , 1434.46 
 1635 , 1421.47 
 1636 , 1399.12 
 1637 , 1371.01 
 1638 , 1343.48 
 1639 , 1327.86 
 1640 , 1332.31 
 1641 , 1346.52 
 1642 , 1358.91 
 1643 , 1367.06 
 1644 , 1372.26 
 1645 , 1379.39 
 1646 , 1389.13 
 1647 , 1396.14 
 1648 , 1400.56 
 1649 , 1406.98 
 1650 , 1406.56 
 1651 , 1383.73 
 1652 , 1352.89 
 1653 , 1339.63 
 1654 , 1336.62 
 1655 , 1329.39 
 1656 , 1328.83 
 1657 , 1342.16 
 1658 , 1345.05 
 1659 , 1325.82 
 1660 , 1311.27 
 1661 , 1313.81 
 1662 , 1317.84 
 1663 , 1320 
 1664 , 1331.35 
 1665 , 1347.58 
 1666 , 1354.28 
 1667 , 1352.14 
 1668 , 1348.42 
 1669 , 1345.71 
 1670 , 1344.31 
 1671 , 1337.73 
 1672 , 1322.27 
 1673 , 1309.85 
 1674 , 1308.33 
 1675 , 1310.71 
 1676 , 1314.29 
 1677 , 1325.06 
 1678 , 1340.32 
 1679 , 1349 
 1680 , 1347.66 
 1681 , 1338.27 
 1682 , 1325.41 
 1683 , 1314.16 
 1684 , 1304.33 
 1685 , 1293.66 
 1686 , 1280.17 
 1687 , 1264.33 
 1688 , 1250.43 
 1689 , 1240.1 
 1690 , 1231.08 
 1691 , 1224.75 
 1692 , 1225.64 
 1693 , 1230.52 
 1694 , 1231.79 
 1695 , 1229.97 
 1696 , 1228.58 
 1697 , 1227.06 
 1698 , 1224.59 
 1699 , 1223.73 
 1700 , 1225.66 
 1701 , 1227.36 
 1702 , 1225.87 
 1703 , 1219.3 
 1704 , 1209.28 
 1705 , 1200.69 
 1706 , 1196.02 
 1707 , 1195.71 
 1708 , 1197.78 
 1709 , 1197.69 
 1710 , 1184.08 
 1711 , 1152.56 
 1712 , 1125.19 
 1713 , 1115.15 
 1714 , 1109.62 
 1715 , 1105.67 
 1716 , 1115.41 
 1717 , 1129.67 
 1718 , 1123.87 
 1719 , 1107.02 
 1720 , 1102.74 
 1721 , 1108.33 
 1722 , 1114.93 
 1723 , 1125.05 
 1724 , 1137.6 
 1725 , 1138.87 
 1726 , 1125.17 
 1727 , 1109.09 
 1728 , 1092.43 
 1729 , 1066.69 
 1730 , 1037.25 
 1731 , 1017.72 
 1732 , 1015.77 
 1733 , 1032.11 
 1734 , 1048.73 
 1735 , 1053.09 
 1736 , 1059.39 
 1737 , 1070.54 
 1738 , 1064.76 
 1739 , 1045.11 
 1740 , 1042.09 
 1741 , 1063.33 
 1742 , 1099.08 
 1743 , 1134.98 
 1744 , 1156.88 
 1745 , 1162.35 
 1746 , 1150.98 
 1747 , 1117.07 
 1748 , 1067.72 
 1749 , 1033.83 
 1750 , 1024.96 
 1751 , 1025.09 
 1752 , 1027.33 
 1753 , 1031.87 
 1754 , 1034.21 
 1755 , 1029.47 
 1756 , 1020.8 
 1757 , 1013.79 
 1758 , 1014.51 
 1759 , 1025.28 
 1760 , 1043.04 
 1761 , 1063.22 
 1762 , 1080.04 
 1763 , 1091.41 
 1764 , 1096.83 
 1765 , 1089.9 
 1766 , 1067.42 
 1767 , 1045.14 
 1768 , 1032.87 
 1769 , 1019.81 
 1770 , 1005.66 
 1771 , 1005.55 
 1772 , 1020.13 
 1773 , 1038.56 
 1774 , 1053.62 
 1775 , 1059.98 
 1776 , 1053.44 
 1777 , 1033.48 
 1778 , 1008.21 
 1779 , 987.53 
 1780 , 981.47 
 1781 , 990.45 
 1782 , 1005.72 
 1783 , 1025.12 
 1784 , 1048.26 
 1785 , 1059.89 
 1786 , 1046.66 
 1787 , 1019.75 
 1788 , 990.67 
 1789 , 961.8 
 1790 , 938.88 
 1791 , 931.79 
 1792 , 940.42 
 1793 , 957.68 
 1794 , 977.4 
 1795 , 995.03 
 1796 , 1011.35 
 1797 , 1028.09 
 1798 , 1045.5 
 1799 , 1057.49 
 1800 , 1051.19 
 1801 , 1029.03 
 1802 , 1004.82 
 1803 , 984.9 
 1804 , 972.08 
 1805 , 969.67 
 1806 , 976.71 
 1807 , 982.6 
 1808 , 980.85 
 1809 , 972.27 
 1810 , 963.44 
 1811 , 963.9 
 1812 , 969.47 
 1813 , 970.72 
 1814 , 965.52 
 1815 , 957.15 
 1816 , 955.2 
 1817 , 959.93 
 1818 , 959.63 
 1819 , 957.76 
 1820 , 966.86 
 1821 , 976.98 
 1822 , 975.63 
 1823 , 980.01 
 1824 , 1001.37 
 1825 , 1023.09 
 1826 , 1035.2 
 1827 , 1039.48 
 1828 , 1033.44 
 1829 , 1013.53 
 1830 , 989.36 
 1831 , 972.53 
 1832 , 964.64 
 1833 , 965.23 
 1834 , 973.24 
 1835 , 981.48 
 1836 , 977.82 
 1837 , 968.15 
 1838 , 966.44 
 1839 , 968.2 
 1840 , 965.6 
 1841 , 959.42 
 1842 , 950.67 
 1843 , 938.5 
 1844 , 924.86 
 1845 , 914.2 
 1846 , 910.63 
 1847 , 916.04 
 1848 , 923.12 
 1849 , 928.28 
 1850 , 942.3 
 1851 , 964.15 
 1852 , 976.4 
 1853 , 976.13 
 1854 , 971.13 
 1855 , 966.78 
 1856 , 964.9 
 1857 , 960.23 
 1858 , 952.37 
 1859 , 950.6 
 1860 , 948.54 
 1861 , 929.6 
 1862 , 922.67 
 1863 , 961.8 
 1864 , 1003.79 
 1865 , 1013.15 
 1866 , 1015.51 
 1867 , 1015.84 
 1868 , 988.66 
 1869 , 952.88 
 1870 , 946.84 
 1871 , 952.45 
 1872 , 945.91 
 1873 , 940.47 
 1874 , 939.54 
 1875 , 925.17 
 1876 , 906.05 
 1877 , 906.72 
 1878 , 911.87 
 1879 , 900.41 
 1880 , 887.08 
 1881 , 883.8 
 1882 , 885.29 
 1883 , 892.31 
 1884 , 911.04 
 1885 , 933.15 
 1886 , 947.17 
 1887 , 957.86 
 1888 , 966.48 
 1889 , 960.63 
 1890 , 946.12 
 1891 , 945.35 
 1892 , 947.78 
 1893 , 933.3 
 1894 , 918.55 
 1895 , 915.84 
 1896 , 908.13 
 1897 , 896.46 
 1898 , 903.2 
 1899 , 922.63 
 1900 , 936.67 
 1901 , 948.54 
 1902 , 959.96 
 1903 , 955.83 
 1904 , 937.88 
 1905 , 927.88 
 1906 , 923.09 
 1907 , 909.94 
 1908 , 896.82 
 1909 , 889.98 
 1910 , 876.46 
 1911 , 854.86 
 1912 , 838.6 
 1913 , 828.59 
 1914 , 820.23 
 1915 , 818.91 
 1916 , 825.48 
 1917 , 825.49 
 1918 , 815.08 
 1919 , 803.54 
 1920 , 793.59 
 1921 , 784.46 
 1922 , 777.83 
 1923 , 776.18 
 1924 , 782.4 
 1925 , 797.86 
 1926 , 821.98 
 1927 , 851.13 
 1928 , 879.3 
 1929 , 897.64 
 1930 , 894.81 
 1931 , 857.61 
 1932 , 804.06 
 1933 , 775.4 
 1934 , 767.67 
 1935 , 763.47 
 1936 , 771.12 
 1937 , 790.21 
 1938 , 799.15 
 1939 , 794.34 
 1940 , 786.85 
 1941 , 781.6 
 1942 , 779.72 
 1943 , 778.66 
 1944 , 774.07 
 1945 , 760.87 
 1946 , 746.16 
 1947 , 741.37 
 1948 , 738.24 
 1949 , 731.04 
 1950 , 732.89 
 1951 , 743.47 
 1952 , 747.18 
 1953 , 740.29 
 1954 , 726.62 
 1955 , 716.29 
 1956 , 715.34 
 1957 , 719.22 
 1958 , 733.93 
 1959 , 771.19 
 1960 , 811.02 
 1961 , 829.33 
 1962 , 826.89 
 1963 , 809.35 
 1964 , 783.41 
 1965 , 762.87 
 1966 , 760.05 
 1967 , 762.05 
 1968 , 758.91 
 1969 , 759.28 
 1970 , 755.74 
 1971 , 729.15 
 1972 , 698.16 
 1973 , 683.74 
 1974 , 663.51 
 1975 , 632.32 
 1976 , 618 
 1977 , 623.32 
 1978 , 633.72 
 1979 , 636.67 
 1980 , 628.31 
 1981 , 620.75 
 1982 , 619.13 
 1983 , 621.18 
 1984 , 632.45 
 1985 , 656.36 
 1986 , 679.93 
 1987 , 688.73 
 1988 , 672.85 
 1989 , 651.34 
 1990 , 651.39 
 1991 , 661.2 
 1992 , 667.83 
 1993 , 674.32 
 1994 , 678.87 
 1995 , 676.71 
 1996 , 674.94 
 1997 , 680.96 
 1998 , 693.17 
 1999 , 706.27 
 2000 , 711.75 
 2001 , 701.97 
 2002 , 677.86 
 2003 , 665.55 
 2004 , 669.4 
 2005 , 658.41 
 2006 , 641.49 
 2007 , 642.61 
 2008 , 628.49 
 2009 , 585.83 
 2010 , 565.14 
 2011 , 565.46 
 2012 , 548.88 
 2013 , 545.64 
 2014 , 579.97 
 2015 , 605.19 
 2016 , 615.72 
 2017 , 649.86 
 2018 , 680.08 
 2019 , 671.45 
 2020 , 656.36 
 2021 , 646.48 
 2022 , 616.47 
 2023 , 580.09 
 2024 , 562 
 2025 , 543.86 
 2026 , 521.94 
 2027 , 525.8 
 2028 , 552.47 
 2029 , 580.09 
 2030 , 604.52 
 2031 , 622 
 2032 , 622.35 
 2033 , 606.14 
 2034 , 583.38 
 2035 , 570.14 
 2036 , 572.34 
 2037 , 572.48 
 2038 , 566.39 
 2039 , 562.38 
 2040 , 560.46 
 2041 , 560.03 
 2042 , 565.58 
 2043 , 572.11 
 2044 , 568.91 
 2045 , 569.08 
 2046 , 579.2 
 2047 , 568.56 
 2048 , 541.64 
 2049 , 536.34 
 2050 , 533.5 
 2051 , 513.67 
 2052 , 520.42 
 2053 , 551.95 
 2054 , 555.23 
 2055 , 542.94 
 2056 , 538.45 
 2057 , 511.4 
 2058 , 470.62 
 2059 , 469.11 
 2060 , 484.03 
 2061 , 479.7 
 2062 , 486.03 
 2063 , 514.95 
 2064 , 545.92 
 2065 , 565.42 
 2066 , 568.76 
 2067 , 564.43 
 2068 , 554.19 
 2069 , 532.17 
 2070 , 511.51 
 2071 , 504.44 
 2072 , 496.05 
 2073 , 473.36 
 2074 , 435 
 2075 , 411.4 
 2076 , 425.27 
 2077 , 444.4 
 2078 , 457.16 
 2079 , 476.1 
 2080 , 472.51 
 2081 , 427.5 
 2082 , 387.2 
 2083 , 371.61 
 2084 , 370.26 
 2085 , 398.78 
 2086 , 458.22 
 2087 , 496.01 
 2088 , 501.09 
 2089 , 499.36 
 2090 , 482.27 
 2091 , 451.76 
 2092 , 451.16 
 2093 , 470.11 
 2094 , 465.98 
 2095 , 461.52 
 2096 , 470.9 
 2097 , 463.16 
 2098 , 454.06 
 2099 , 475.41 
 2100 , 483.23 
 2101 , 456.53 
 2102 , 433.2 
 2103 , 416.3 
 2104 , 397.35 
 2105 , 405.62 
 2106 , 440.56 
 2107 , 459.96 
 2108 , 463.31 
 2109 , 461.28 
 2110 , 437.58 
 2111 , 403.52 
 2112 , 395.09 
 2113 , 392.71 
 2114 , 371.29 
 2115 , 341.76 
 2116 , 310.84 
 2117 , 282.6 
 2118 , 285.19 
 2119 , 324.12 
 2120 , 356.98 
 2121 , 373.22 
 2122 , 379.65 
 2123 , 361.15 
 2124 , 325.99 
 2125 , 313.93 
 2126 , 319.39 
 2127 , 320.72 
 2128 , 316.37 
 2129 , 312.45 
 2130 , 316.31 
 2131 , 315.64 
 2132 , 297.77 
 2133 , 265.11 
 2134 , 229.9 
 2135 , 208.59 
 2136 , 212.19 
 2137 , 238.23 
 2138 , 267.29 
 2139 , 284.17 
 2140 , 281.32 
 2141 , 264.96 
 2142 , 255.01 
 2143 , 274.41 
 2144 , 295.7 
 2145 , 295.54 
 2146 , 293.56 
 2147 , 288.91 
 2148 , 270.93 
 2149 , 261.27 
 2150 , 268.87 
 2151 , 276.55 
 2152 , 279.38 
 2153 , 280.72 
 2154 , 287.32 
 2155 , 287.56 
 2156 , 260.13 
 2157 , 223.6 
 2158 , 196.39 
 2159 , 176.63 
 2160 , 178.73 
 2161 , 212.58 
 2162 , 240.61 
 2163 , 250.67 
 2164 , 261.81 
 2165 , 254.79 
 2166 , 225.04 
 2167 , 221.4 
 2168 , 239.09 
 2169 , 242.94 
 2170 , 237.24 
 2171 , 229.51 
 2172 , 220.03 
 2173 , 207.02 
 2174 , 197.33 
 2175 , 215.08 
 2176 , 243.15 
 2177 , 247.79 
 2178 , 256.44 
 2179 , 271.63 
 2180 , 254.67 
 2181 , 236.34 
 2182 , 245.7 
 2183 , 241.76 
 2184 , 223.75 
 2185 , 217.22 
 2186 , 205.41 
 2187 , 180.93 
 2188 , 159.92 
 2189 , 148.51 
 2190 , 145.19 
 2191 , 142.91 
 2192 , 134.62 
 2193 , 122.29 
 2194 , 137.51 
 2195 , 173.76 
 2196 , 181.54 
 2197 , 173.62 
 2198 , 161.38 
 2199 , 110.49 
 2200 , 54.07 
 2201 , 46.12 
 2202 , 57.37 
 2203 , 65.12 
 2204 , 71.32 
 2205 , 81.37 
 2206 , 91.69 
 2207 , 86.95 
 2208 , 90.65 
 2209 , 120.01 
 2210 , 122.14 
 2211 , 94.15 
 2212 , 73.68 
 2213 , 47.61 
 2214 , 10.02 
 2215 ,-17.52 
 2216 ,-15.62 
 2217 , 16.56 
 2218 , 48.19 
 2219 , 72.43 
 2220 , 88.34 
 2221 , 57.98 
 2222 , 2.38 
 2223 ,-12.45 
 2224 ,-25.01 
 2225 ,-57.54 
 2226 ,-66.14 
 2227 ,-63.92 
 2228 ,-74.05 
 2229 ,-76.69 
 2230 ,-65.21 
 2231 ,-53.97 
 2232 ,-79.74 
 2233 ,-121.53 
 2234 ,-113.64 
 2235 ,-91.52 
 2236 ,-70.49 
 2237 ,-0.22 
 2238 , 66.48 
 2239 , 69.46 
 2240 , 40.94 
 2241 ,-8.5 
 2242 ,-72.75 
 2243 ,-91.58 
 2244 ,-48.07 
 2245 , 20.28 
 2246 , 62 
 2247 , 57.76 
 2248 , 31.42 
 2249 ,-17.26 
 2250 ,-75.91 
 2251 ,-97.44 
 2252 ,-115.42 
 2253 ,-168.96 
 2254 ,-194.54 
 2255 ,-199.62 
 2256 ,-231.69 
 2257 ,-242.22 
 2258 ,-216.74 
 2259 ,-188.88 
 2260 ,-144.85 
 2261 ,-91.04 
 2262 ,-73.64 
 2263 ,-77.05 
 2264 ,-86.14 
 2265 ,-130.21 
 2266 ,-179.99 
 2267 ,-198.23 
 2268 ,-211.43 
 2269 ,-217.65 
 2270 ,-198.29 
 2271 ,-168.49 
 2272 ,-143.98 
 2273 ,-132.81 
 2274 ,-133.11 
 2275 ,-154.92 
 2276 ,-215.36 
 2277 ,-274.43 
 2278 ,-293.07 
 2279 ,-268.15 
 2280 ,-225.27 
 2281 ,-185.49 
 2282 ,-142.54 
 2283 ,-113.63 
 2284 ,-113.07 
 2285 ,-117.85 
 2286 ,-154.49 
 2287 ,-254.69 
 2288 ,-354.89 
 2289 ,-404.91 
 2290 ,-393.87 
 2291 ,-358.01 
 2292 ,-335.06 
 2293 ,-342.95 
 2294 ,-352.2 
 2295 ,-354.9 
 2296 ,-371.54 
 2297 ,-349.7 
 2298 ,-275.88 
 2299 ,-217.5 
 2300 ,-165.71 
 2301 ,-116.92 
 2302 ,-126.42 
 2303 ,-194.58 
 2304 ,-285.63 
 2305 ,-354.55 
 2306 ,-391.81 
 2307 ,-400.05 
 2308 ,-367.11 
 2309 ,-329.04 
 2310 ,-326.02 
 2311 ,-328.84 
 2312 ,-360.99 
 2313 ,-450.15 
 2314 ,-502.93 
 2315 ,-496.27 
 2316 ,-468.63 
 2317 ,-410.25 
 2318 ,-348.67 
 2319 ,-335.56 
 2320 ,-349.37 
 2321 ,-377.36 
 2322 ,-420.83 
 2323 ,-430.75 
 2324 ,-398.39 
 2325 ,-366.23 
 2326 ,-344.43 
 2327 ,-328.58 
 2328 ,-316.52 
 2329 ,-341.93 
 2330 ,-390.58 
 2331 ,-394.45 
 2332 ,-385.38 
 2333 ,-386.47 
 2334 ,-373.29 
 2335 ,-368.34 
 2336 ,-396.51 
 2337 ,-455.52 
 2338 ,-504.93 
 2339 ,-520.64 
